# Created at 2019-07-22 22:59:19 in PST in Burnaby Canada 
105230574092166 -0.019570 0.989337 -0.144322 -0.042176 -0.973180 0.014244 0.229601 0.137348 0.229209 0.144945 0.962525 0.463405 
105230590753958 -0.020700 0.989473 -0.143227 -0.043834 -0.973254 0.012841 0.229371 0.137641 0.228796 0.144144 0.962743 0.465135 
105230607415375 -0.022279 0.989673 -0.141605 -0.045420 -0.973242 0.010931 0.229520 0.137802 0.228698 0.142929 0.962948 0.466716 
105230624077208 -0.023446 0.989672 -0.141417 -0.047036 -0.973171 0.009792 0.229875 0.137873 0.228886 0.143013 0.962891 0.468197 
105230640739000 -0.023650 0.989192 -0.144708 -0.050811 -0.972970 0.010485 0.230692 0.135473 0.229716 0.146252 0.962206 0.460176 
105230657400666 -0.021884 0.988626 -0.148793 -0.052753 -0.972642 0.013375 0.231923 0.135298 0.231276 0.149798 0.961287 0.461277 
105230674062375 -0.019129 0.988410 -0.150597 -0.054759 -0.971736 0.017068 0.235453 0.135036 0.235295 0.150845 0.960147 0.462188 
105230690723916 -0.017416 0.988551 -0.149876 -0.056596 -0.970765 0.019173 0.239264 0.134749 0.239398 0.149661 0.959317 0.463125 
105230707385375 -0.016779 0.988521 -0.150150 -0.058258 -0.970331 0.020128 0.240942 0.134514 0.241199 0.149738 0.958855 0.464324 
105230724047333 -0.015553 0.988417 -0.150962 -0.059872 -0.970444 0.021442 0.240370 0.134358 0.240823 0.150239 0.958871 0.465764 
105230740709125 -0.013839 0.988245 -0.152253 -0.062418 -0.970722 0.023240 0.239078 0.132618 0.239806 0.151104 0.958989 0.460450 
105230757370708 -0.011948 0.988238 -0.152458 -0.063889 -0.971029 0.024924 0.237658 0.132559 0.238663 0.150880 0.959310 0.461937 
105230774032458 -0.010446 0.988303 -0.152147 -0.065183 -0.971237 0.026169 0.236673 0.132546 0.237886 0.150243 0.959603 0.463406 
105230790694041 -0.010130 0.988360 -0.151799 -0.066222 -0.971456 0.026254 0.235764 0.132592 0.237005 0.149854 0.959882 0.464867 
105230807355541 -0.011279 0.988372 -0.151637 -0.066987 -0.971703 0.024948 0.234886 0.132695 0.235938 0.149995 0.960122 0.466293 
105230824017291 -0.013252 0.988469 -0.150841 -0.067552 -0.971835 0.022765 0.234559 0.132848 0.235288 0.149701 0.960328 0.467605 
105230840679000 -0.015627 0.988536 -0.150171 -0.070444 -0.971783 0.020337 0.234997 0.132541 0.235357 0.149606 0.960325 0.465597 
105230857340750 -0.018003 0.988670 -0.149020 -0.070896 -0.971926 0.017666 0.234623 0.132814 0.234597 0.149060 0.960596 0.466772 
105230874002416 -0.019904 0.988787 -0.148003 -0.071373 -0.972169 0.015421 0.233770 0.133161 0.233431 0.148537 0.960961 0.467910 
105230890664208 -0.020955 0.988775 -0.147936 -0.071924 -0.972520 0.014158 0.232389 0.133571 0.231875 0.148740 0.961307 0.469028 
105230907325625 -0.021165 0.988634 -0.148845 -0.072540 -0.972908 0.013916 0.230773 0.134014 0.230221 0.149697 0.961556 0.470107 
105230923987250 -0.021147 0.988369 -0.150596 -0.073162 -0.973214 0.014140 0.229466 0.134465 0.228926 0.151415 0.961596 0.471118 
105230940649125 -0.020803 0.988077 -0.152547 -0.075363 -0.973475 0.014754 0.228318 0.133149 0.227847 0.153251 0.961561 0.469866 
105230957310708 -0.020469 0.987992 -0.153145 -0.075962 -0.973483 0.015212 0.228252 0.133599 0.227841 0.153756 0.961482 0.470819 
105230973972250 -0.020305 0.987961 -0.153364 -0.076477 -0.973566 0.015366 0.227886 0.134062 0.227499 0.153937 0.961534 0.471814 
105230990634166 -0.020245 0.987899 -0.153771 -0.076903 -0.973858 0.015321 0.226640 0.134537 0.226254 0.154340 0.961763 0.472905 
105231007295666 -0.020277 0.987820 -0.154275 -0.077230 -0.974290 0.015107 0.224789 0.135009 0.224381 0.154866 0.962117 0.474054 
105231023957541 -0.020635 0.987666 -0.155212 -0.077436 -0.974710 0.014678 0.222991 0.135462 0.222519 0.155888 0.962385 0.475184 
105231040619041 -0.021518 0.987292 -0.157451 -0.074392 -0.975111 0.014036 0.221273 0.133578 0.220671 0.158293 0.962418 0.468924 
105231057280750 -0.022103 0.986946 -0.159530 -0.074348 -0.975255 0.013825 0.220651 0.133928 0.219976 0.160459 0.962218 0.469764 
105231073942291 -0.022494 0.986639 -0.161362 -0.074267 -0.975257 0.013850 0.220639 0.134243 0.219926 0.162333 0.961915 0.470489 
105231090604125 -0.022768 0.986359 -0.163024 -0.074162 -0.975287 0.013932 0.220501 0.134537 0.219765 0.164015 0.961666 0.471169 
105231107265750 -0.022768 0.986178 -0.164117 -0.074055 -0.975481 0.014031 0.219637 0.134818 0.218904 0.165094 0.961678 0.471847 
105231123927458 -0.022461 0.986077 -0.164765 -0.073958 -0.975780 0.014248 0.218291 0.135081 0.217599 0.165677 0.961874 0.472503 
105231140589208 -0.022188 0.986008 -0.165213 -0.075767 -0.976107 0.014364 0.216813 0.133031 0.216153 0.166076 0.962131 0.470608 
105231157250791 -0.021875 0.985824 -0.166351 -0.075694 -0.976247 0.014812 0.216155 0.133190 0.215554 0.167128 0.962083 0.471102 
105231173912375 -0.021281 0.985516 -0.168241 -0.075645 -0.976330 0.015743 0.215713 0.133315 0.215237 0.168849 0.961854 0.471499 
105231190574125 -0.020827 0.985225 -0.169991 -0.075596 -0.976302 0.016592 0.215777 0.133399 0.215410 0.170457 0.961532 0.471799 
105231207235666 -0.020829 0.985063 -0.170933 -0.075529 -0.976190 0.016884 0.216257 0.133439 0.215913 0.171367 0.961257 0.472030 
105231223897666 -0.020963 0.985050 -0.170987 -0.075473 -0.976095 0.016841 0.216690 0.133429 0.216330 0.171442 0.961150 0.472237 
105231240559291 -0.020279 0.985053 -0.171054 -0.074730 -0.976148 0.017482 0.216399 0.132391 0.216155 0.171362 0.961204 0.469849 
105231257220916 -0.019637 0.984900 -0.172006 -0.074815 -0.976305 0.018193 0.215634 0.132266 0.215507 0.172165 0.961205 0.470065 
105231273882458 -0.019096 0.984581 -0.173884 -0.074893 -0.976466 0.019002 0.214832 0.132085 0.214824 0.173895 0.961047 0.470210 
105231290544333 -0.019097 0.984247 -0.175763 -0.074921 -0.976509 0.019376 0.214604 0.131834 0.214629 0.175732 0.960756 0.470221 
105231307205791 -0.019662 0.984074 -0.176666 -0.074894 -0.976372 0.019134 0.215248 0.131513 0.215200 0.176724 0.960447 0.470065 
105231323867666 -0.020570 0.984006 -0.176943 -0.074821 -0.976122 0.018513 0.216432 0.131135 0.216246 0.177170 0.960129 0.469759 
105231340529416 -0.021340 0.983886 -0.177521 -0.075623 -0.975934 0.018044 0.217320 0.129719 0.217021 0.177886 0.959822 0.468360 
105231357190916 -0.022308 0.983584 -0.179065 -0.075533 -0.975742 0.017596 0.218214 0.129267 0.217783 0.179589 0.959332 0.467913 
105231373852666 -0.022662 0.983176 -0.181248 -0.075451 -0.975626 0.017832 0.218713 0.128761 0.218265 0.181787 0.958808 0.467368 
105231390514250 -0.022507 0.982840 -0.183081 -0.075357 -0.975555 0.018451 0.218977 0.128185 0.218598 0.183534 0.958400 0.466690 
105231407175750 -0.022172 0.982574 -0.184547 -0.075210 -0.975482 0.019166 0.219243 0.127528 0.218959 0.184883 0.958058 0.465839 
105231423837416 -0.021934 0.982325 -0.185893 -0.074977 -0.975324 0.019833 0.219885 0.126783 0.219685 0.186129 0.957650 0.464761 
105231440499166 -0.022018 0.981900 -0.188115 -0.076121 -0.975059 0.020476 0.221001 0.125248 0.220852 0.188290 0.956959 0.463523 
105231457161041 -0.021961 0.981603 -0.189665 -0.075775 -0.974566 0.021301 0.223088 0.124349 0.223024 0.189740 0.956169 0.461959 
105231473822666 -0.021369 0.981401 -0.190774 -0.075419 -0.973919 0.022679 0.225760 0.123398 0.225888 0.190623 0.955321 0.460105 
105231490484416 -0.020262 0.981293 -0.191453 -0.075054 -0.973252 0.024473 0.228435 0.122425 0.228847 0.190960 0.954549 0.457998 
105231507145833 -0.018729 0.981196 -0.192103 -0.074650 -0.972666 0.026597 0.230681 0.121456 0.231452 0.191172 0.953878 0.455671 
105231523807708 -0.017130 0.981048 -0.193005 -0.074148 -0.972124 0.028804 0.232692 0.120501 0.233841 0.191611 0.953207 0.453109 
105231540469250 -0.015796 0.980732 -0.194720 -0.074622 -0.971662 0.030879 0.234349 0.118877 0.235846 0.192904 0.952452 0.448613 
105231557130916 -0.015007 0.980515 -0.195868 -0.073785 -0.971116 0.032361 0.236405 0.118010 0.238137 0.193758 0.951708 0.445552 
105231573792708 -0.014525 0.980357 -0.196695 -0.072771 -0.970596 0.033446 0.238377 0.117175 0.240274 0.194374 0.951045 0.442238 
105231590454333 -0.014198 0.980316 -0.196921 -0.071597 -0.970120 0.034200 0.240202 0.116363 0.242209 0.194448 0.950539 0.438678 
105231607116083 -0.014101 0.980385 -0.196586 -0.070256 -0.969757 0.034502 0.241621 0.115559 0.243665 0.194048 0.950249 0.434896 
105231623777500 -0.014241 0.980533 -0.195837 -0.068744 -0.969548 0.034348 0.242481 0.114751 0.244487 0.193326 0.950185 0.430901 
105231640439333 -0.014754 0.980500 -0.195965 -0.068838 -0.969565 0.033873 0.242478 0.113800 0.244388 0.193578 0.950159 0.425723 
105231657101166 -0.015577 0.980614 -0.195331 -0.067007 -0.969570 0.032921 0.242589 0.112969 0.244317 0.193166 0.950261 0.421252 
105231673762541 -0.016730 0.980773 -0.194435 -0.065015 -0.969555 0.031601 0.242825 0.112066 0.244301 0.192578 0.950385 0.416463 
105231690424500 -0.017997 0.981108 -0.192624 -0.062912 -0.969452 0.030012 0.243439 0.111074 0.244621 0.191121 0.950596 0.411321 
105231707085958 -0.019040 0.981580 -0.190101 -0.060751 -0.969330 0.028473 0.244107 0.109999 0.245024 0.188919 0.950933 0.405845 
105231723747833 -0.019555 0.982112 -0.187279 -0.058565 -0.969271 0.027319 0.244474 0.108855 0.245217 0.186305 0.951398 0.400056 
105231740409416 -0.019602 0.982453 -0.185479 -0.057604 -0.969303 0.026802 0.244404 0.106230 0.245086 0.184576 0.951769 0.389973 
105231757071083 -0.019304 0.982797 -0.183678 -0.055330 -0.969241 0.026688 0.244662 0.105002 0.245355 0.182751 0.952052 0.383444 
105231773732791 -0.018799 0.983137 -0.181902 -0.052938 -0.969075 0.026856 0.245301 0.103767 0.246049 0.180888 0.952229 0.376553 
105231790394416 -0.018371 0.983629 -0.179265 -0.050364 -0.968838 0.026782 0.246243 0.102552 0.247013 0.178203 0.952485 0.369326 
105231807056083 -0.018581 0.984291 -0.175571 -0.047533 -0.968592 0.025828 0.247310 0.101384 0.247960 0.174652 0.952897 0.361796 
105231823717833 -0.019760 0.984978 -0.171543 -0.044409 -0.968344 0.023849 0.248478 0.100285 0.248837 0.171022 0.953326 0.353977 
105231840379333 -0.021560 0.985599 -0.167717 -0.041853 -0.968080 0.021320 0.249731 0.099178 0.249711 0.167748 0.953680 0.346437 
105231857041083 -0.023420 0.986284 -0.163390 -0.038305 -0.967808 0.018600 0.251003 0.098267 0.250599 0.164008 0.954097 0.338081 
105231873702916 -0.025212 0.987003 -0.158710 -0.034615 -0.967503 0.015866 0.252360 0.097440 0.251598 0.159915 0.954529 0.329425 
105231890364500 -0.026816 0.987687 -0.154125 -0.030824 -0.967249 0.013293 0.253480 0.096696 0.252407 0.155875 0.954984 0.320509 
105231907025916 -0.028347 0.988378 -0.149351 -0.026944 -0.967014 0.010722 0.254497 0.096025 0.253141 0.151639 0.955471 0.311342 
105231923688041 -0.029776 0.989156 -0.143821 -0.023009 -0.966693 0.008094 0.255809 0.095406 0.254199 0.146647 0.955969 0.301912 
105231940349666 -0.030801 0.989944 -0.138064 -0.019988 -0.966213 0.005875 0.257676 0.095023 0.255896 0.141336 0.956316 0.291997 
105231957011250 -0.031057 0.990820 -0.131569 -0.016183 -0.965807 0.004149 0.259228 0.094550 0.257395 0.135121 0.956813 0.282104 
105231973672916 -0.030483 0.991637 -0.125406 -0.012491 -0.965404 0.003297 0.260736 0.094166 0.258969 0.129015 0.957230 0.271983 
105231990334541 -0.029148 0.992350 -0.119968 -0.008907 -0.964823 0.003441 0.262879 0.093867 0.261281 0.123410 0.957341 0.261595 
105232006996083 -0.027073 0.993071 -0.114353 -0.005442 -0.963968 0.004348 0.265984 0.093656 0.264638 0.117434 0.957171 0.250952 
105232023657958 -0.024396 0.993872 -0.107811 -0.002078 -0.963063 0.005564 0.269219 0.093537 0.268169 0.110397 0.957026 0.240149 
105232040319791 -0.021003 0.994617 -0.101468 0.000676 -0.962420 0.007371 0.271463 0.092995 0.270750 0.103357 0.957085 0.230171 
105232056981166 -0.017440 0.995236 -0.095928 0.003930 -0.962014 0.009440 0.272836 0.092970 0.272442 0.097042 0.957266 0.219285 
105232073642791 -0.013927 0.995700 -0.091580 0.007177 -0.961441 0.011823 0.274757 0.092920 0.274659 0.091875 0.957142 0.208245 
105232090304708 -0.010461 0.996077 -0.087871 0.010407 -0.960506 0.014427 0.277884 0.092796 0.278061 0.087308 0.956587 0.197027 
105232106966083 -0.006782 0.996458 -0.083822 0.013591 -0.959344 0.017168 0.281715 0.092578 0.282156 0.082324 0.955830 0.185707 
105232123627791 -0.002805 0.996841 -0.079370 0.016726 -0.958217 0.020023 0.285340 0.092248 0.286028 0.076854 0.955134 0.174380 
105232140289666 0.001190 0.997152 -0.075403 0.019924 -0.957094 0.022985 0.288864 0.091379 0.289775 0.071825 0.954396 0.163927 
105232156951208 0.005587 0.997433 -0.071388 0.022959 -0.955827 0.026307 0.292752 0.090760 0.293878 0.066599 0.953520 0.152619 
105232173612916 0.010150 0.997706 -0.066934 0.025882 -0.954212 0.029677 0.297655 0.089997 0.298959 0.060848 0.952324 0.141269 
105232190274750 0.014960 0.997946 -0.062285 0.028658 -0.952351 0.033200 0.303190 0.089117 0.304635 0.054782 0.950892 0.129939 
105232206936250 0.020081 0.998113 -0.058024 0.031273 -0.950591 0.037043 0.308229 0.088167 0.309797 0.048967 0.949541 0.118751 
105232223598000 0.025580 0.998191 -0.054402 0.033718 -0.949239 0.041320 0.311831 0.087175 0.313515 0.043663 0.948579 0.107802 
105232240259666 0.031205 0.998175 -0.051698 0.035904 -0.948103 0.045935 0.314626 0.085671 0.316427 0.039197 0.947807 0.096208 
105232256921250 0.036657 0.998118 -0.049165 0.038110 -0.947145 0.050391 0.316824 0.084516 0.318706 0.034952 0.947209 0.085614 
105232273582958 0.041489 0.998053 -0.046568 0.040252 -0.946008 0.054237 0.319572 0.083261 0.321476 0.030795 0.946417 0.075111 
105232290244750 0.045602 0.998003 -0.043717 0.042359 -0.944700 0.057310 0.322889 0.081913 0.324749 0.026575 0.945427 0.064715 
105232306906375 0.048787 0.998009 -0.039967 0.044446 -0.943335 0.059191 0.326520 0.080485 0.328236 0.021772 0.944345 0.054470 
105232323567875 0.051262 0.998073 -0.034975 0.046503 -0.942113 0.059948 0.329892 0.078971 0.331353 0.016040 0.943370 0.044429 
105232340229791 0.053285 0.998112 -0.030552 0.047765 -0.941005 0.060428 0.332954 0.077956 0.334171 0.011009 0.942448 0.035817 
105232356891416 0.054784 0.998142 -0.026683 0.049716 -0.940094 0.060567 0.335491 0.076194 0.336483 0.006705 0.941665 0.026189 
105232373553000 0.055542 0.998196 -0.022810 0.051645 -0.938747 0.059989 0.339345 0.074243 0.340101 0.002565 0.940385 0.016600 
105232390214708 0.055750 0.998278 -0.018229 0.053533 -0.937102 0.058617 0.344097 0.072138 0.344573 -0.002101 0.938757 0.007097 
105232406876333 0.055636 0.998370 -0.012684 0.055362 -0.935615 0.056566 0.348461 0.069937 0.348610 -0.007519 0.937237 -0.002212 
105232423538125 0.055403 0.998440 -0.006943 0.057123 -0.934555 0.054303 0.351651 0.067680 0.351480 -0.012993 0.936105 -0.011280 
105232440199833 0.054963 0.998486 -0.002170 0.058875 -0.933503 0.052157 0.354757 0.066699 0.354333 -0.017473 0.934956 -0.019265 
105232456861375 0.054905 0.998489 0.002329 0.060487 -0.932540 0.050445 0.357525 0.064386 0.356867 -0.021801 0.933901 -0.028077 
105232473523125 0.054722 0.998479 0.006652 0.062025 -0.931385 0.048641 0.360770 0.062061 0.359898 -0.025938 0.932631 -0.036843 
105232490184416 0.054489 0.998452 0.011143 0.063489 -0.930179 0.046699 0.364124 0.059750 0.363040 -0.030206 0.931284 -0.045527 
105232506846291 0.054269 0.998415 0.014888 0.064889 -0.928928 0.045012 0.367513 0.057476 0.366261 -0.033774 0.929899 -0.054118 
105232523508208 0.053928 0.998394 0.017356 0.066250 -0.927535 0.043648 0.371180 0.055247 0.369826 -0.036115 0.928399 -0.062623 
105232540169666 0.053193 0.998405 0.018908 0.068044 -0.926090 0.042240 0.374930 0.054000 0.373533 -0.037454 0.926860 -0.068933 
105232556831291 0.052959 0.998386 0.020503 0.069286 -0.924785 0.041287 0.378242 0.051973 0.376785 -0.038992 0.925480 -0.077098 
105232573493083 0.053333 0.998331 0.022172 0.070404 -0.923664 0.040882 0.381015 0.050050 0.379473 -0.040800 0.924303 -0.085049 
105232590154708 0.054068 0.998260 0.023529 0.071452 -0.922926 0.040965 0.382790 0.048236 0.381160 -0.042413 0.923536 -0.092716 
105232606816333 0.054858 0.998192 0.024576 0.072468 -0.922453 0.041244 0.383899 0.046514 0.382191 -0.043731 0.923048 -0.100110 
105232623477875 0.055728 0.998140 0.024713 0.073448 -0.921938 0.041940 0.385061 0.044887 0.383308 -0.044242 0.922560 -0.107288 
105232640139708 0.056854 0.998093 0.024019 0.074389 -0.921151 0.043163 0.386803 0.043377 0.385029 -0.044116 0.921849 -0.114268 
105232656801541 0.058072 0.998042 0.023234 0.075645 -0.919985 0.044465 0.389424 0.042443 0.387628 -0.043990 0.920765 -0.121448 
105232673463083 0.059867 0.997966 0.021913 0.076587 -0.919003 0.046534 0.391494 0.041340 0.389678 -0.043576 0.919920 -0.127917 
105232690124833 0.061595 0.997897 0.020195 0.077560 -0.918074 0.048706 0.393405 0.040538 0.391594 -0.042772 0.919144 -0.134080 
105232706786333 0.062869 0.997846 0.018748 0.078610 -0.917264 0.050369 0.395082 0.040101 0.393287 -0.042035 0.918454 -0.139932 
105232723448041 0.063123 0.997849 0.017677 0.079768 -0.916888 0.050988 0.395874 0.040115 0.394121 -0.041196 0.918135 -0.145426 
105232740109708 0.062527 0.997904 0.016690 0.081495 -0.916696 0.050809 0.396342 0.040208 0.394664 -0.040082 0.917951 -0.152959 
105232756771458 0.061863 0.997983 0.014253 0.082770 -0.916835 0.051178 0.395971 0.041168 0.394443 -0.037564 0.918152 -0.157953 
105232773433125 0.061126 0.998069 0.011069 0.084026 -0.916893 0.051765 0.395763 0.042627 0.394425 -0.034341 0.918286 -0.162727 
105232790094708 0.060372 0.998135 0.008985 0.085254 -0.917010 0.051905 0.395473 0.044603 0.394269 -0.032115 0.918434 -0.167247 
105232806756500 0.059233 0.998208 0.008554 0.086493 -0.917543 0.051067 0.394343 0.047132 0.393199 -0.031207 0.918924 -0.171455 
105232823418208 0.057150 0.998324 0.009097 0.087802 -0.918892 0.049035 0.391450 0.050222 0.390348 -0.030731 0.920154 -0.175310 
105232840079833 0.054261 0.998486 0.009006 0.089179 -0.920955 0.046559 0.386876 0.053820 0.385871 -0.029287 0.922088 -0.178872 
105232856741500 0.050895 0.998673 0.007834 0.090653 -0.923096 0.044047 0.382037 0.056826 0.381186 -0.026675 0.924114 -0.185034 
105232873403375 0.047565 0.998852 0.005756 0.091990 -0.925471 0.041901 0.376494 0.061097 0.375821 -0.023235 0.926401 -0.188456 
105232890064916 0.044565 0.998997 0.004268 0.093232 -0.927735 0.039800 0.371112 0.065623 0.370570 -0.020498 0.928578 -0.191851 
105232906726416 0.041894 0.999115 0.003705 0.094371 -0.930028 0.037641 0.365557 0.070368 0.365094 -0.018761 0.930782 -0.195202 
105232923388250 0.039232 0.999225 0.003036 0.095429 -0.932570 0.035524 0.359236 0.075327 0.358850 -0.016925 0.933242 -0.198479 
105232940049625 0.036559 0.999330 0.001468 0.095844 -0.935261 0.033697 0.352350 0.079422 0.352064 -0.014254 0.935867 -0.202769 
105232956711666 0.034318 0.999410 -0.001156 0.096687 -0.938307 0.032618 0.344261 0.084601 0.344096 -0.010730 0.938873 -0.205987 
105232973373291 0.032455 0.999463 -0.004479 0.097412 -0.941343 0.032073 0.335923 0.089851 0.335886 -0.006686 0.941879 -0.209257 
105232990035083 0.030866 0.999491 -0.008013 0.098032 -0.944377 0.031788 0.327325 0.095159 0.327413 -0.002536 0.944878 -0.212568 
105233006696500 0.029210 0.999509 -0.011339 0.098586 -0.947481 0.031300 0.318277 0.100504 0.318475 0.001447 0.947930 -0.215882 
105233023358333 0.027574 0.999516 -0.014377 0.099082 -0.950693 0.030666 0.308614 0.105864 0.308906 0.005158 0.951079 -0.219185 
105233040020000 0.025881 0.999515 -0.017307 0.099825 -0.953646 0.029878 0.299444 0.110385 0.299815 0.008755 0.953957 -0.223149 
105233056681666 0.024518 0.999482 -0.020863 0.100208 -0.956713 0.029513 0.289532 0.115572 0.289997 0.012861 0.956941 -0.226585 
105233073343250 0.023670 0.999421 -0.024452 0.100480 -0.959507 0.029578 0.280128 0.120630 0.280689 0.016831 0.959651 -0.230169 
105233090004875 0.023393 0.999332 -0.028070 0.100614 -0.961987 0.030143 0.271427 0.125530 0.272091 0.020654 0.962050 -0.233927 
105233106666583 0.023350 0.999224 -0.031730 0.100641 -0.964229 0.030892 0.263263 0.130238 0.264039 0.024448 0.964202 -0.237848 
105233123327833 0.022885 0.999106 -0.035531 0.100628 -0.966321 0.031218 0.255438 0.134725 0.256319 0.028489 0.966172 -0.241901 
105233139989958 0.021733 0.999021 -0.038534 0.100582 -0.968278 0.030629 0.247989 0.138968 0.248927 0.031922 0.967996 -0.246082 
105233156651666 0.019965 0.998985 -0.040389 0.101942 -0.969878 0.029161 0.241838 0.141547 0.242770 0.034344 0.969476 -0.252653 
105233173313375 0.018840 0.998918 -0.042518 0.101675 -0.971409 0.028354 0.235715 0.145164 0.236665 0.036862 0.970892 -0.257164 
105233189975041 0.018679 0.998820 -0.044832 0.101161 -0.972760 0.028518 0.230053 0.148511 0.231060 0.039313 0.972145 -0.261808 
105233206636583 0.019662 0.998704 -0.046940 0.100379 -0.973989 0.029733 0.224635 0.151588 0.225739 0.041303 0.973312 -0.266568 
105233223298375 0.021283 0.998606 -0.048296 0.099364 -0.975157 0.031389 0.219278 0.154383 0.220488 0.042429 0.974466 -0.271433 
105233239960041 0.022881 0.998572 -0.048285 0.098027 -0.976092 0.032756 0.214875 0.155022 0.216150 0.042214 0.975447 -0.276105 
105233256621666 0.024972 0.998538 -0.047944 0.096571 -0.976968 0.034543 0.210571 0.157116 0.211919 0.041582 0.976402 -0.281315 
105233273283375 0.027703 0.998500 -0.047224 0.094840 -0.977638 0.036916 0.207029 0.158880 0.208461 0.040432 0.977194 -0.286768 
105233289945041 0.031296 0.998455 -0.045908 0.092828 -0.978091 0.040051 0.204288 0.160281 0.205811 0.038508 0.977834 -0.292497 
105233306606625 0.035401 0.998418 -0.043673 0.090555 -0.978420 0.043527 0.201989 0.161316 0.203571 0.035580 0.978414 -0.298518 
105233323268208 0.039642 0.998415 -0.039947 0.088023 -0.978645 0.046865 0.200144 0.162017 0.201699 0.031160 0.978952 -0.304891 
105233339929833 0.043749 0.998436 -0.034812 0.085265 -0.978641 0.049836 0.199446 0.160759 0.200869 0.025343 0.979290 -0.309141 
105233356591750 0.048190 0.998427 -0.028644 0.082222 -0.978295 0.052965 0.200332 0.160785 0.201534 0.018368 0.979309 -0.316421 
105233373253375 0.052005 0.998413 -0.021599 0.078984 -0.977326 0.055328 0.204385 0.160466 0.205255 0.010481 0.978652 -0.324310 
105233389914916 0.054778 0.998387 -0.014923 0.075635 -0.975716 0.056697 0.211572 0.159732 0.212077 0.002972 0.977248 -0.332737 
105233406576583 0.056920 0.998338 -0.008959 0.072188 -0.973618 0.057492 0.220822 0.158516 0.220970 -0.003846 0.975273 -0.341519 
105233423238375 0.058984 0.998255 -0.002731 0.068615 -0.971302 0.058022 0.230665 0.156778 0.230421 -0.010953 0.973029 -0.350434 
105233439899916 0.060805 0.998139 0.004611 0.066187 -0.969015 0.057922 0.240115 0.153360 0.239401 -0.019068 0.970733 -0.358192 
105233456561750 0.063358 0.997912 0.012529 0.062438 -0.966955 0.058277 0.248195 0.150525 0.246947 -0.027840 0.968629 -0.366892 
105233473223458 0.066747 0.997569 0.020012 0.058541 -0.965041 0.059450 0.255266 0.147157 0.253456 -0.036350 0.966664 -0.375478 
105233489885083 0.071043 0.997142 0.025708 0.054536 -0.963092 0.061863 0.261965 0.143240 0.259626 -0.043370 0.964735 -0.384007 
105233506546583 0.075790 0.996692 0.029351 0.050515 -0.960973 0.065156 0.268861 0.138781 0.266059 -0.048583 0.962732 -0.392525 
105233523208250 0.080759 0.996208 0.032358 0.046524 -0.958485 0.068712 0.276739 0.133815 0.273466 -0.053364 0.960400 -0.401075 
105233539869791 0.086002 0.995652 0.035778 0.042568 -0.955524 0.072261 0.285922 0.128402 0.282093 -0.058777 0.957585 -0.409637 
105233556531750 0.091106 0.995049 0.039704 0.040308 -0.952176 0.075365 0.296108 0.127004 0.291650 -0.064783 0.954329 -0.421954 
105233573193458 0.096917 0.994333 0.043685 0.036585 -0.948717 0.079023 0.306089 0.121007 0.300902 -0.071110 0.951000 -0.430344 
105233589855125 0.103245 0.993560 0.046682 0.032978 -0.945120 0.083369 0.315906 0.114722 0.309980 -0.076735 0.947641 -0.438508 
105233606516583 0.109465 0.992789 0.048868 0.029541 -0.941203 0.087717 0.326256 0.108188 0.319617 -0.081708 0.944017 -0.446511 
105233623178416 0.114982 0.992038 0.051383 0.026329 -0.936801 0.091084 0.337797 0.101420 0.330427 -0.086977 0.939815 -0.454408 
105233639840083 0.119547 0.991292 0.055217 0.023356 -0.931730 0.092807 0.351092 0.094427 0.342911 -0.093420 0.934711 -0.462235 
105233656501791 0.123353 0.990602 0.059097 0.021894 -0.925962 0.093477 0.365863 0.093008 0.356901 -0.099852 0.928790 -0.473562 
105233673163458 0.128017 0.989823 0.062154 0.019246 -0.920067 0.095132 0.380034 0.085898 0.370253 -0.105837 0.922882 -0.481158 
105233689825083 0.133751 0.988971 0.063619 0.016678 -0.914233 0.098358 0.393069 0.078773 0.382477 -0.110736 0.917305 -0.488423 
105233706486791 0.140345 0.988020 0.064190 0.014240 -0.908614 0.102767 0.404795 0.071692 0.393349 -0.115135 0.912152 -0.495359 
105233723148458 0.146728 0.987052 0.064799 0.012051 -0.903240 0.106986 0.415585 0.064687 0.403271 -0.119507 0.907243 -0.502034 
105233739810166 0.151778 0.986239 0.065546 0.009517 -0.897691 0.109790 0.426729 0.059738 0.413660 -0.123608 0.902001 -0.512517 
105233756471666 0.155653 0.985488 0.067717 0.007968 -0.892533 0.110935 0.437125 0.053024 0.423269 -0.128480 0.896848 -0.519097 
105233773133333 0.158669 0.984863 0.069780 0.006723 -0.887473 0.111292 0.447219 0.046462 0.432683 -0.132888 0.891698 -0.525571 
105233789794916 0.161149 0.984305 0.071930 0.005777 -0.882565 0.111105 0.456874 0.040052 0.441712 -0.137108 0.886618 -0.531930 
105233806456750 0.162879 0.983788 0.075038 0.005154 -0.877762 0.109754 0.466357 0.033784 0.450561 -0.141825 0.881408 -0.538201 
105233823118333 0.163592 0.983355 0.079054 0.004875 -0.872950 0.106963 0.475938 0.027651 0.459560 -0.146870 0.875919 -0.544427 
105233839780250 0.163399 0.983090 0.082670 0.003022 -0.867477 0.103260 0.486642 0.020909 0.469877 -0.151231 0.869681 -0.556607 
105233856441875 0.163261 0.982737 0.087022 0.003163 -0.862398 0.099313 0.496394 0.015077 0.479183 -0.156089 0.863724 -0.563005 
105233873103208 0.164063 0.982233 0.091120 0.003409 -0.857378 0.096305 0.505597 0.009465 0.487838 -0.161074 0.857945 -0.569384 
105233889764833 0.165452 0.981665 0.094657 0.003789 -0.852629 0.094145 0.513965 0.004111 0.495630 -0.165744 0.852572 -0.575735 
105233906426666 0.166886 0.981114 0.097795 0.004366 -0.848285 0.092317 0.521431 -0.000961 0.502555 -0.169978 0.847671 -0.582074 
105233923088416 0.168288 0.980519 0.101301 0.005170 -0.844134 0.090282 0.528476 -0.005751 0.509035 -0.174448 0.842883 -0.588459 
105233939750125 0.169813 0.979842 0.105231 0.004986 -0.839704 0.087975 0.535871 -0.010908 0.515811 -0.179361 0.837716 -0.595856 
105233956411916 0.170969 0.979101 0.110138 0.006207 -0.835988 0.084996 0.542126 -0.015105 0.521434 -0.184761 0.833048 -0.602469 
105233973073500 0.172451 0.978276 0.115049 0.007608 -0.832935 0.082478 0.547190 -0.018898 0.525813 -0.190192 0.829064 -0.609130 
105233989735041 0.174509 0.977339 0.119813 0.009162 -0.830630 0.080773 0.550935 -0.022260 0.528773 -0.195663 0.825903 -0.615849 
105234006396666 0.177205 0.976341 0.123924 0.010888 -0.829088 0.080246 0.553329 -0.025163 0.530293 -0.200797 0.823693 -0.622658 
105234023058416 0.180109 0.975385 0.127222 0.012865 -0.828282 0.080623 0.554480 -0.027582 0.530575 -0.205242 0.822415 -0.629612 
105234039720000 0.182386 0.974586 0.130069 0.015203 -0.828248 0.080999 0.554477 -0.029495 0.529850 -0.208858 0.821972 -0.636756 
105234056381833 0.183718 0.973918 0.133156 0.017564 -0.828416 0.080486 0.554300 -0.031345 0.529126 -0.212144 0.821596 -0.643478 
105234073043458 0.183466 0.973295 0.137977 0.020748 -0.829115 0.077803 0.553638 -0.032326 0.528118 -0.215973 0.821247 -0.651215 
105234089705125 0.182286 0.972739 0.143356 0.024304 -0.829736 0.073956 0.553234 -0.032891 0.527550 -0.219794 0.820598 -0.659306 
105234106366500 0.181156 0.972215 0.148255 0.028134 -0.830451 0.070471 0.552616 -0.033048 0.526815 -0.223229 0.820143 -0.667705 
105234123028416 0.180434 0.971688 0.152531 0.032200 -0.831401 0.067809 0.551520 -0.032824 0.525562 -0.226328 0.820098 -0.676377 
105234139690083 0.179880 0.971227 0.156082 0.035465 -0.832188 0.065645 0.550593 -0.033556 0.524505 -0.228930 0.820052 -0.685437 
105234156351666 0.178776 0.970706 0.160525 0.040007 -0.833113 0.062556 0.549554 -0.032766 0.523414 -0.231982 0.819892 -0.694711 
105234173013500 0.177720 0.970139 0.165063 0.044738 -0.833853 0.059382 0.548783 -0.031712 0.522594 -0.235168 0.819507 -0.704288 
105234189675166 0.177740 0.969402 0.169317 0.049544 -0.834456 0.057267 0.548091 -0.030410 0.521625 -0.238705 0.819102 -0.714140 
105234206336500 0.179246 0.968454 0.173113 0.054379 -0.834929 0.056678 0.547432 -0.028899 0.520351 -0.242662 0.818749 -0.724249 
105234222998375 0.181955 0.967317 0.176607 0.059268 -0.835067 0.057180 0.547168 -0.027240 0.519187 -0.247038 0.818179 -0.734630 
105234239660041 0.185324 0.966106 0.179703 0.063545 -0.834287 0.058056 0.548264 -0.026079 0.519249 -0.251530 0.816770 -0.744170 
105234256321833 0.189190 0.964702 0.183186 0.068564 -0.832386 0.058596 0.551090 -0.024387 0.520903 -0.256742 0.814090 -0.755077 
105234272983416 0.193710 0.963118 0.186764 0.073612 -0.829693 0.059238 0.555068 -0.022662 0.523533 -0.262479 0.810567 -0.766155 
105234289645208 0.199402 0.961282 0.190199 0.078644 -0.827343 0.061142 0.558359 -0.020818 0.525111 -0.268698 0.807502 -0.777200 
105234306306833 0.206320 0.959226 0.193178 0.083678 -0.826214 0.065015 0.559592 -0.018817 0.524216 -0.275061 0.805940 -0.788076 
105234322968500 0.213545 0.957190 0.195409 0.088812 -0.826486 0.070360 0.558542 -0.016686 0.520883 -0.280777 0.806130 -0.798792 
105234339629916 0.219310 0.955610 0.196758 0.093282 -0.827766 0.075497 0.555971 -0.016262 0.516436 -0.284799 0.807578 -0.810135 
105234356291666 0.223922 0.954100 0.198875 0.098809 -0.829007 0.079168 0.553606 -0.014256 0.512451 -0.288833 0.808683 -0.820911 
105234372953583 0.226668 0.952822 0.201871 0.104453 -0.829541 0.080253 0.552649 -0.012443 0.510375 -0.292728 0.808596 -0.831897 
105234389614541 0.228732 0.951866 0.204042 0.110059 -0.829457 0.080843 0.552689 -0.010826 0.509590 -0.295662 0.808023 -0.843013 
105234406276833 0.231844 0.951149 0.203872 0.115487 -0.829214 0.083670 0.552633 -0.009363 0.508579 -0.297179 0.808104 -0.854108 
105234422938666 0.236240 0.950493 0.201874 0.120729 -0.829224 0.088903 0.551800 -0.008012 0.506535 -0.297756 0.809175 -0.865084 
105234439600041 0.240869 0.949712 0.200074 0.124124 -0.829639 0.094496 0.550245 -0.008584 0.503668 -0.298526 0.810679 -0.876869 
105234456261958 0.245340 0.948496 0.200409 0.129127 -0.830150 0.098789 0.548718 -0.007538 0.500659 -0.300993 0.811631 -0.887673 
105234472923541 0.249070 0.947265 0.201626 0.134092 -0.830630 0.101883 0.547424 -0.006634 0.498014 -0.303823 0.812203 -0.898471 
105234489585166 0.251494 0.946442 0.202478 0.139055 -0.831388 0.104145 0.545846 -0.005837 0.495524 -0.305615 0.813053 -0.909241 
105234506246750 0.253636 0.945727 0.203146 0.143920 -0.832372 0.106402 0.543907 -0.005161 0.492772 -0.307048 0.814185 -0.919936 
105234522908625 0.256075 0.944949 0.203707 0.148607 -0.833268 0.108964 0.542024 -0.004634 0.489989 -0.308542 0.815299 -0.930572 
105234539570250 0.258608 0.944179 0.204076 0.151634 -0.833919 0.111586 0.540489 -0.005582 0.487546 -0.309958 0.816226 -0.941405 
105234556231875 0.260961 0.943338 0.204968 0.155921 -0.833755 0.113229 0.540400 -0.005473 0.486572 -0.311917 0.816061 -0.952031 
105234572893500 0.262726 0.942548 0.206344 0.160100 -0.832849 0.113552 0.541728 -0.005578 0.487174 -0.314179 0.814833 -0.962689 
105234589555041 0.263706 0.942135 0.206979 0.164187 -0.831465 0.113236 0.543915 -0.005833 0.489004 -0.315529 0.813214 -0.973312 
105234606216750 0.264326 0.941909 0.207215 0.168144 -0.829898 0.112684 0.546417 -0.006187 0.491325 -0.316400 0.811474 -0.983816 
105234622877791 0.265514 0.941418 0.207930 0.171901 -0.828330 0.112395 0.548850 -0.006627 0.493327 -0.317962 0.809647 -0.994122 
105234639540250 0.267331 0.940571 0.209426 0.175659 -0.827024 0.112416 0.550812 -0.008459 0.494535 -0.320449 0.807927 -1.006599 
105234656201916 0.269960 0.939432 0.211162 0.179018 -0.825690 0.113045 0.552682 -0.009091 0.495336 -0.323556 0.806197 -1.016582 
105234672863541 0.272845 0.938269 0.212617 0.182216 -0.824575 0.114220 0.554103 -0.009790 0.495613 -0.326502 0.804838 -1.026446 
105234689525166 0.275519 0.937290 0.213487 0.185284 -0.823754 0.115730 0.555009 -0.010529 0.495498 -0.328776 0.803983 -1.036248 
105234706186791 0.277662 0.936576 0.213842 0.188231 -0.823254 0.117247 0.555434 -0.011297 0.495134 -0.330269 0.803595 -1.046034 
105234722848416 0.279464 0.935987 0.214077 0.191038 -0.822968 0.118653 0.555559 -0.012107 0.494595 -0.331437 0.803446 -1.055833 
105234739510000 0.280989 0.935394 0.214672 0.193138 -0.823009 0.119799 0.555251 -0.013688 0.493661 -0.332696 0.803500 -1.064759 
105234756171958 0.282537 0.934870 0.214919 0.195618 -0.822988 0.121136 0.554992 -0.014621 0.492811 -0.333682 0.803613 -1.074587 
105234772833541 0.284170 0.934367 0.214955 0.197919 -0.823018 0.122717 0.554600 -0.015625 0.491821 -0.334513 0.803874 -1.084481 
105234789495250 0.285960 0.933981 0.214260 0.200026 -0.822953 0.124823 0.554227 -0.016702 0.490893 -0.334812 0.804316 -1.094481 
105234806156833 0.287781 0.933785 0.212669 0.201954 -0.822538 0.127257 0.554290 -0.017866 0.490524 -0.334442 0.804695 -1.104637 
105234822818458 0.289588 0.933666 0.210727 0.203718 -0.821722 0.129615 0.554952 -0.019090 0.490827 -0.333866 0.804750 -1.114954 
105234839480083 0.291276 0.933505 0.209109 0.205331 -0.820899 0.131663 0.555689 -0.020305 0.491206 -0.333516 0.804663 -1.125366 
105234856141625 0.292831 0.933212 0.208245 0.206308 -0.820565 0.133469 0.555751 -0.021691 0.490840 -0.333619 0.804844 -1.134227 
105234872803541 0.294478 0.932806 0.207739 0.207644 -0.820546 0.135367 0.555319 -0.022740 0.489884 -0.333989 0.805273 -1.144609 
105234889465041 0.295981 0.932444 0.207229 0.208868 -0.820804 0.137319 0.554458 -0.023689 0.488545 -0.334203 0.805997 -1.155043 
105234906126666 0.297379 0.932155 0.206526 0.209982 -0.821056 0.139282 0.553595 -0.024561 0.487271 -0.334197 0.806771 -1.165591 
105234922788125 0.299084 0.931787 0.205723 0.210960 -0.821068 0.141446 0.553029 -0.025386 0.486206 -0.334315 0.807364 -1.176279 
105234939449791 0.301492 0.931232 0.204716 0.210802 -0.820693 0.144162 0.552884 -0.026446 0.485352 -0.334699 0.807719 -1.185254 
105234956111833 0.304380 0.930535 0.203611 0.211455 -0.819980 0.147183 0.553145 -0.027215 0.484753 -0.335323 0.807820 -1.196203 
105234972773250 0.307802 0.929520 0.203101 0.211977 -0.819313 0.150419 0.553263 -0.027913 0.483719 -0.336699 0.807868 -1.207228 
105234989435208 0.311524 0.928223 0.203360 0.212380 -0.818886 0.153675 0.553001 -0.028521 0.482056 -0.338802 0.807982 -1.218328 
105235006096833 0.315702 0.926817 0.203329 0.212657 -0.818492 0.157598 0.552480 -0.029051 0.480003 -0.340842 0.808346 -1.229557 
105235022758333 0.320905 0.925418 0.201546 0.212801 -0.817764 0.163382 0.551877 -0.029516 0.477788 -0.341917 0.809204 -1.240970 
105235039420083 0.327137 0.923935 0.198308 0.211397 -0.816661 0.170837 0.551252 -0.031113 0.475443 -0.342285 0.810429 -1.249851 
105235056081833 0.334271 0.922132 0.194769 0.211440 -0.814927 0.178979 0.551235 -0.031469 0.473452 -0.342984 0.811298 -1.261650 
105235072743500 0.342126 0.919735 0.192449 0.211560 -0.812717 0.186837 0.551891 -0.031762 0.471637 -0.345223 0.811406 -1.273638 
105235089405166 0.350552 0.916608 0.192204 0.211766 -0.810659 0.194205 0.552374 -0.031944 0.468984 -0.349448 0.811135 -1.285751 
105235106066833 0.359294 0.912987 0.193296 0.212035 -0.809037 0.201486 0.552143 -0.031995 0.465153 -0.354766 0.811033 -1.298023 
105235122728375 0.367353 0.909643 0.193909 0.212400 -0.806946 0.208045 0.552770 -0.032010 0.462482 -0.359536 0.810460 -1.310649 
105235139390125 0.373816 0.907294 0.192559 0.211713 -0.803301 0.212922 0.556211 -0.032594 0.463647 -0.362604 0.808424 -1.320173 
105235156051875 0.379550 0.905579 0.189389 0.212209 -0.797593 0.216551 0.562984 -0.032741 0.468814 -0.364736 0.804476 -1.333606 
105235172713416 0.385243 0.903691 0.186897 0.212707 -0.791021 0.219075 0.571220 -0.032885 0.475262 -0.367898 0.799235 -1.347041 
105235189375083 0.390682 0.901493 0.186220 0.213302 -0.785353 0.220893 0.578296 -0.032923 0.480195 -0.372179 0.794290 -1.360117 
105235206036708 0.395204 0.899457 0.186523 0.214083 -0.781682 0.222645 0.582582 -0.032809 0.482479 -0.376040 0.791080 -1.372661 
105235222698416 0.398994 0.897660 0.187110 0.215013 -0.779513 0.224597 0.584735 -0.032608 0.482869 -0.379161 0.789350 -1.384741 
105235239359875 0.402159 0.896250 0.187095 0.215293 -0.777635 0.226502 0.586499 -0.032975 0.483272 -0.381357 0.788045 -1.394863 
105235256021875 0.404878 0.895336 0.185600 0.216368 -0.774931 0.228251 0.589393 -0.032991 0.485341 -0.382459 0.786237 -1.406608 
105235272683416 0.407233 0.894878 0.182630 0.217547 -0.771327 0.229891 0.593469 -0.033174 0.489098 -0.382548 0.783863 -1.418237 
105235289345166 0.408986 0.894800 0.179065 0.218881 -0.767460 0.231114 0.597989 -0.033466 0.493696 -0.381994 0.781245 -1.429641 
105235306006666 0.409979 0.894976 0.175884 0.220421 -0.764263 0.231834 0.601793 -0.033796 0.497815 -0.381144 0.779044 -1.440693 
105235322668500 0.410839 0.895107 0.173192 0.222150 -0.761806 0.232679 0.604576 -0.034151 0.500862 -0.380322 0.777491 -1.451339 
105235339329833 0.411587 0.895216 0.170837 0.224046 -0.759813 0.233547 0.606745 -0.034547 0.503270 -0.379533 0.776321 -1.461653 
105235355991833 0.412255 0.895321 0.168659 0.224666 -0.757691 0.234128 0.609170 -0.036148 0.505915 -0.378925 0.774897 -1.469575 
105235372653500 0.413014 0.895386 0.166440 0.226777 -0.755262 0.234619 0.611991 -0.036782 0.508919 -0.378467 0.773152 -1.479557 
105235389314708 0.413448 0.895634 0.164013 0.229018 -0.752683 0.234822 0.615082 -0.037507 0.512375 -0.377754 0.771215 -1.489448 
105235405976750 0.413253 0.896236 0.161193 0.231399 -0.750248 0.234775 0.618069 -0.038288 0.516091 -0.376354 0.769420 -1.499245 
105235422638125 0.412456 0.897071 0.158566 0.233914 -0.748170 0.234266 0.620775 -0.039097 0.519733 -0.374676 0.767786 -1.508911 
105235439299791 0.411245 0.897911 0.156951 0.236547 -0.746652 0.233061 0.623052 -0.039921 0.522866 -0.373415 0.766272 -1.518403 
105235455961791 0.410242 0.898480 0.156318 0.237914 -0.745500 0.231662 0.624950 -0.040908 0.525292 -0.372916 0.764854 -1.523208 
105235472623500 0.409370 0.898966 0.155807 0.240673 -0.744647 0.230534 0.626382 -0.041828 0.527178 -0.372443 0.763787 -1.532253 
105235489285041 0.408790 0.899301 0.155397 0.243497 -0.743672 0.229547 0.627901 -0.042843 0.529002 -0.372244 0.762622 -1.541180 
105235505946833 0.408371 0.899453 0.155621 0.246400 -0.742526 0.228163 0.629760 -0.043962 0.530932 -0.372728 0.761042 -1.550016 
105235522608375 0.408042 0.899435 0.156580 0.249391 -0.741185 0.226220 0.632035 -0.045185 0.533053 -0.373952 0.758956 -1.558770 
105235539270083 0.407970 0.899142 0.158444 0.252451 -0.739743 0.223824 0.634573 -0.046503 0.535108 -0.376095 0.756447 -1.567427 
105235555931750 0.408596 0.898357 0.161259 0.254628 -0.738300 0.221439 0.637085 -0.047399 0.536621 -0.379368 0.753736 -1.572514 
105235572593375 0.410351 0.896961 0.164537 0.257680 -0.737053 0.219971 0.639035 -0.048844 0.536996 -0.383501 0.751373 -1.580849 
105235589255041 0.413554 0.894861 0.167921 0.260700 -0.735750 0.219815 0.640588 -0.050339 0.536326 -0.388466 0.749299 -1.589086 
105235605916833 0.417754 0.892254 0.171363 0.263762 -0.734559 0.220688 0.641654 -0.051838 0.534701 -0.393930 0.747606 -1.597295 
105235622578625 0.422084 0.889600 0.174521 0.266980 -0.733651 0.222104 0.642204 -0.053284 0.532542 -0.399101 0.746403 -1.605560 
105235639240125 0.425726 0.887355 0.177085 0.270468 -0.733029 0.223477 0.642438 -0.054627 0.530496 -0.403311 0.745596 -1.613970 
105235655901708 0.428899 0.885245 0.179962 0.273201 -0.732277 0.224051 0.643095 -0.054817 0.528976 -0.407605 0.744340 -1.619623 
105235672563375 0.431561 0.883145 0.183874 0.277243 -0.731937 0.223669 0.643615 -0.055799 0.527279 -0.412343 0.742933 -1.628279 
105235689225166 0.434430 0.880703 0.188767 0.281530 -0.732092 0.223174 0.643611 -0.056560 0.524702 -0.417799 0.741709 -1.636942 
105235705886708 0.437491 0.878014 0.194148 0.286083 -0.732781 0.222966 0.642898 -0.057105 0.521185 -0.423530 0.740938 -1.645589 
105235722548500 0.440346 0.875342 0.199679 0.290953 -0.733801 0.222735 0.641814 -0.057465 0.517331 -0.429144 0.740408 -1.654260 
