456292355274041 -0.018487 0.999813 -0.005599 0.003733 -0.998239 -0.018773 -0.056264 0.089963 -0.056359 0.004549 0.998400 0.240032 
456292371936000 -0.017975 0.999806 -0.008049 0.003495 -0.998335 -0.018388 -0.054670 0.090107 -0.054808 0.007053 0.998472 0.239926 
456292388597666 -0.017411 0.999790 -0.010796 0.003255 -0.998382 -0.017969 -0.053946 0.090252 -0.054129 0.009839 0.998485 0.240039 
456292405259208 -0.017447 0.999779 -0.011698 0.003125 -0.998323 -0.018065 -0.054994 0.090355 -0.055193 0.010719 0.998418 0.240322 
456292421920458 -0.018067 0.999771 -0.011497 0.002841 -0.998230 -0.018688 -0.056455 0.090220 -0.056657 0.010457 0.998339 0.240925 
456292438582583 -0.018813 0.999749 -0.012193 0.002930 -0.998188 -0.019478 -0.056930 0.090199 -0.057153 0.011100 0.998304 0.241024 
456292455244125 -0.019864 0.999715 -0.013218 0.003117 -0.998205 -0.020578 -0.056248 0.090118 -0.056504 0.012077 0.998329 0.240942 
456292471905791 -0.020627 0.999693 -0.013735 0.003304 -0.998235 -0.021359 -0.055407 0.090013 -0.055683 0.012568 0.998369 0.240773 
456292488567375 -0.020847 0.999694 -0.013310 0.003396 -0.998239 -0.021553 -0.055260 0.089944 -0.055530 0.012134 0.998383 0.240625 
456292505229208 -0.020851 0.999697 -0.013064 0.003395 -0.998239 -0.021543 -0.055261 0.089909 -0.055526 0.011888 0.998387 0.240519 
456292521890916 -0.020671 0.999684 -0.014292 0.003310 -0.998242 -0.021432 -0.055267 0.089899 -0.055556 0.013124 0.998369 0.240489 
456292538552250 -0.020226 0.999658 -0.016590 0.003286 -0.998239 -0.021117 -0.055441 0.089734 -0.055772 0.015440 0.998324 0.240195 
456292555214000 -0.019786 0.999633 -0.018503 0.003158 -0.998182 -0.020804 -0.056573 0.089768 -0.056937 0.017350 0.998227 0.240322 
456292571875791 -0.019024 0.999619 -0.020004 0.003026 -0.998118 -0.020154 -0.057917 0.089841 -0.058298 0.018864 0.998121 0.240422 
456292588537375 -0.017955 0.999618 -0.021010 0.002912 -0.998103 -0.019158 -0.058506 0.089946 -0.058886 0.019919 0.998066 0.240398 
456292605199083 -0.016901 0.999617 -0.021905 0.002855 -0.998140 -0.018151 -0.058207 0.090049 -0.058582 0.020880 0.998064 0.240272 
456292621860875 -0.015976 0.999606 -0.023098 0.002846 -0.998171 -0.017292 -0.057925 0.090123 -0.058301 0.022131 0.998054 0.240145 
456292638522541 -0.015396 0.999599 -0.023750 0.002611 -0.998162 -0.016757 -0.058243 0.089723 -0.058618 0.022810 0.998020 0.240650 
456292655183958 -0.014998 0.999607 -0.023700 0.002664 -0.998162 -0.016360 -0.058357 0.089691 -0.058721 0.022782 0.998014 0.240492 
456292671845625 -0.014565 0.999605 -0.024048 0.002719 -0.998202 -0.015935 -0.057778 0.089627 -0.058139 0.023163 0.998040 0.240259 
456292688507208 -0.014077 0.999592 -0.024834 0.002779 -0.998278 -0.015464 -0.056589 0.089535 -0.056950 0.023994 0.998089 0.239967 
456292705168916 -0.013808 0.999587 -0.025215 0.002884 -0.998342 -0.015192 -0.055525 0.089412 -0.055886 0.024406 0.998139 0.239658 
456292721830666 -0.013862 0.999590 -0.025067 0.003052 -0.998371 -0.015224 -0.054981 0.089255 -0.055340 0.024264 0.998173 0.239367 
456292738492208 -0.014426 0.999591 -0.024709 0.003005 -0.998375 -0.015762 -0.054755 0.088582 -0.055122 0.023879 0.998194 0.240403 
456292755153958 -0.015290 0.999571 -0.024982 0.003315 -0.998392 -0.016626 -0.054195 0.088355 -0.054587 0.024113 0.998218 0.240211 
456292771815625 -0.016344 0.999538 -0.025611 0.003673 -0.998407 -0.017698 -0.053575 0.088123 -0.054004 0.024695 0.998235 0.240026 
456292788477291 -0.017385 0.999518 -0.025708 0.004058 -0.998416 -0.018730 -0.053047 0.087923 -0.053503 0.024745 0.998261 0.239836 
456292805139083 -0.018218 0.999505 -0.025638 0.004444 -0.998435 -0.019542 -0.052392 0.087765 -0.052867 0.024644 0.998298 0.239640 
456292821800666 -0.018918 0.999485 -0.025916 0.004822 -0.998468 -0.020234 -0.051493 0.087637 -0.051991 0.024903 0.998337 0.239460 
456292838462166 -0.019402 0.999458 -0.026593 0.004337 -0.998488 -0.020737 -0.050906 0.087379 -0.051429 0.025565 0.998349 0.238627 
456292855123916 -0.019942 0.999432 -0.027155 0.004644 -0.998487 -0.021300 -0.050701 0.087301 -0.051250 0.026102 0.998345 0.238509 
456292871785583 -0.020529 0.999397 -0.028012 0.004968 -0.998473 -0.021931 -0.050693 0.087237 -0.051277 0.026929 0.998321 0.238423 
456292888447250 -0.020938 0.999345 -0.029525 0.005303 -0.998458 -0.022420 -0.050781 0.087192 -0.051410 0.028417 0.998273 0.238358 
456292905108875 -0.021334 0.999292 -0.030977 0.005678 -0.998444 -0.022892 -0.050846 0.087167 -0.051519 0.029844 0.998226 0.238264 
456292921770458 -0.021834 0.999252 -0.031907 0.006109 -0.998435 -0.023438 -0.050770 0.087154 -0.051480 0.030749 0.998200 0.238089 
456292938432208 -0.022148 0.999214 -0.032882 0.006188 -0.998450 -0.023787 -0.050321 0.087226 -0.051064 0.031716 0.998192 0.237942 
456292955093791 -0.022843 0.999156 -0.034137 0.006682 -0.998421 -0.024552 -0.050515 0.087233 -0.051310 0.032929 0.998140 0.237615 
456292971755583 -0.023653 0.999095 -0.035360 0.007212 -0.998367 -0.025446 -0.051137 0.087245 -0.051991 0.034092 0.998065 0.237251 
456292988417166 -0.024382 0.999055 -0.035972 0.007759 -0.998328 -0.026219 -0.051517 0.087260 -0.052412 0.034655 0.998024 0.236760 
456293005078958 -0.024972 0.999026 -0.036380 0.008306 -0.998329 -0.026819 -0.051195 0.087283 -0.052121 0.035040 0.998026 0.236098 
456293021740500 -0.025264 0.998995 -0.037015 0.008829 -0.998362 -0.027114 -0.050371 0.087344 -0.051324 0.035681 0.998044 0.235307 
456293038402166 -0.024926 0.998966 -0.038032 0.007987 -0.998425 -0.026789 -0.049296 0.087595 -0.050264 0.036743 0.998060 0.234310 
456293055063791 -0.024586 0.998932 -0.039132 0.008373 -0.998497 -0.026456 -0.047997 0.087773 -0.048981 0.037893 0.998081 0.233420 
456293071725416 -0.024069 0.998903 -0.040161 0.008758 -0.998591 -0.025923 -0.046304 0.087978 -0.047295 0.038990 0.998120 0.232438 
456293088387125 -0.023587 0.998883 -0.040950 0.009172 -0.998691 -0.025403 -0.044399 0.088193 -0.045390 0.039849 0.998174 0.231399 
456293105048708 -0.023393 0.998860 -0.041609 0.009631 -0.998762 -0.025177 -0.042893 0.088406 -0.043892 0.040554 0.998213 0.230383 
456293121710333 -0.023392 0.998844 -0.041986 0.010116 -0.998795 -0.025162 -0.042129 0.088631 -0.043137 0.040950 0.998230 0.229442 
456293138371708 -0.022901 0.998812 -0.043011 0.010244 -0.998822 -0.024699 -0.041761 0.088488 -0.042774 0.042004 0.998201 0.228486 
456293155033708 -0.022593 0.998757 -0.044431 0.010643 -0.998841 -0.024439 -0.041454 0.088736 -0.042488 0.043443 0.998152 0.227717 
456293171695375 -0.022489 0.998707 -0.045582 0.011050 -0.998854 -0.024372 -0.041195 0.088996 -0.042253 0.044603 0.998111 0.226981 
456293188356916 -0.022667 0.998673 -0.046251 0.011479 -0.998845 -0.024583 -0.041284 0.089267 -0.042366 0.045262 0.998076 0.226266 
456293205018875 -0.023062 0.998644 -0.046679 0.011910 -0.998830 -0.025001 -0.041384 0.089554 -0.042495 0.045669 0.998052 0.225541 
456293221680416 -0.023408 0.998640 -0.046592 0.012291 -0.998830 -0.025335 -0.041198 0.089863 -0.042323 0.045573 0.998064 0.224784 
456293238342000 -0.023631 0.998633 -0.046617 0.012202 -0.998838 -0.025544 -0.040878 0.089661 -0.042013 0.045597 0.998076 0.224103 
456293255003708 -0.023990 0.998627 -0.046571 0.012404 -0.998839 -0.025890 -0.040624 0.089966 -0.041773 0.045542 0.998089 0.223463 
456293271665250 -0.024265 0.998638 -0.046186 0.012499 -0.998820 -0.026161 -0.040905 0.090299 -0.042058 0.045139 0.998095 0.222934 
456293288326875 -0.024258 0.998664 -0.045619 0.012458 -0.998781 -0.026172 -0.041839 0.090659 -0.042977 0.044548 0.998082 0.222507 
456293304988458 -0.023914 0.998681 -0.045426 0.012289 -0.998744 -0.025867 -0.042910 0.091026 -0.044029 0.044343 0.998046 0.222127 
456293321650416 -0.023250 0.998714 -0.045058 0.012050 -0.998708 -0.025240 -0.044108 0.091403 -0.045188 0.043974 0.998010 0.221739 
456293338312083 -0.022464 0.998789 -0.043769 0.012513 -0.998676 -0.024445 -0.045263 0.090726 -0.046278 0.042694 0.998016 0.221364 
456293354973625 -0.021711 0.998887 -0.041867 0.012364 -0.998688 -0.023612 -0.045448 0.091089 -0.046386 0.040825 0.998089 0.220806 
456293371635333 -0.020488 0.998941 -0.041189 0.012186 -0.998754 -0.022324 -0.044632 0.091462 -0.045505 0.040224 0.998154 0.220249 
456293388296875 -0.018945 0.998964 -0.041381 0.011960 -0.998836 -0.020746 -0.043541 0.091823 -0.044354 0.040508 0.998194 0.219792 
456293404958666 -0.017978 0.998982 -0.041371 0.011752 -0.998877 -0.019760 -0.043065 0.092125 -0.043839 0.040550 0.998215 0.219506 
456293421620208 -0.018021 0.999000 -0.040906 0.011604 -0.998851 -0.019805 -0.043635 0.092351 -0.044402 0.040073 0.998210 0.219417 
456293438282000 -0.018438 0.999008 -0.040545 0.013227 -0.998779 -0.020262 -0.045047 0.092442 -0.045824 0.039665 0.998162 0.216782 
456293454943583 -0.018404 0.999017 -0.040330 0.013082 -0.998718 -0.020271 -0.046381 0.092640 -0.047153 0.039425 0.998109 0.216830 
456293471602791 -0.017837 0.999022 -0.040465 0.012870 -0.998702 -0.019733 -0.046952 0.092871 -0.047704 0.039575 0.998077 0.216862 
456293488266791 -0.017116 0.999007 -0.041147 0.012631 -0.998711 -0.019049 -0.047054 0.093114 -0.047791 0.040289 0.998045 0.216904 
456293504928541 -0.016441 0.998989 -0.041837 0.012385 -0.998708 -0.018419 -0.047359 0.093354 -0.048081 0.041004 0.998001 0.216999 
456293521590250 -0.015907 0.998980 -0.042264 0.012153 -0.998685 -0.017934 -0.048024 0.093602 -0.048733 0.041444 0.997952 0.217127 
456293538251791 -0.015559 0.998972 -0.042584 0.013636 -0.998680 -0.017611 -0.048247 0.093618 -0.048948 0.041778 0.997927 0.215470 
456293554913666 -0.014725 0.998952 -0.043334 0.013458 -0.998711 -0.016798 -0.047887 0.093900 -0.048565 0.042573 0.997912 0.215494 
456293571575291 -0.013831 0.998916 -0.044455 0.013278 -0.998739 -0.015946 -0.047596 0.094200 -0.048253 0.043741 0.997877 0.215558 
456293588236833 -0.013246 0.998883 -0.045354 0.013129 -0.998735 -0.015417 -0.047858 0.094514 -0.048504 0.044662 0.997824 0.215678 
456293604898375 -0.012871 0.998868 -0.045801 0.013000 -0.998718 -0.015085 -0.048325 0.094861 -0.048961 0.045120 0.997781 0.215795 
456293621560166 -0.012474 0.998859 -0.046097 0.012863 -0.998726 -0.014700 -0.048268 0.095252 -0.048891 0.045437 0.997770 0.215850 
456293638221791 -0.012090 0.998843 -0.046555 0.013559 -0.998760 -0.014312 -0.047685 0.095072 -0.048296 0.045921 0.997777 0.213583 
456293654883291 -0.011636 0.998828 -0.046988 0.013438 -0.998810 -0.013836 -0.046766 0.095519 -0.047361 0.046388 0.997800 0.213571 
456293671545125 -0.011406 0.998832 -0.046951 0.013316 -0.998822 -0.013596 -0.046589 0.096005 -0.047173 0.046364 0.997810 0.213604 
456293688206708 -0.011198 0.998851 -0.046609 0.013162 -0.998784 -0.013410 -0.047439 0.096538 -0.048010 0.046021 0.997786 0.213703 
456293704868458 -0.010912 0.998879 -0.046053 0.012968 -0.998751 -0.013134 -0.048210 0.097129 -0.048760 0.045469 0.997775 0.213775 
456293721530083 -0.010484 0.998921 -0.045236 0.012732 -0.998747 -0.012675 -0.048413 0.097788 -0.048934 0.044672 0.997802 0.213777 
456293738191166 -0.010099 0.998972 -0.044195 0.013984 -0.998740 -0.012249 -0.048657 0.098597 -0.049149 0.043648 0.997837 0.216797 
456293754853375 -0.009446 0.999016 -0.043329 0.013693 -0.998751 -0.011552 -0.048612 0.099361 -0.049064 0.042816 0.997877 0.216820 
456293771514958 -0.008859 0.999054 -0.042584 0.013385 -0.998762 -0.010925 -0.048520 0.100123 -0.048939 0.042101 0.997914 0.216874 
456293788176750 -0.008275 0.999091 -0.041820 0.013067 -0.998760 -0.010311 -0.048695 0.100860 -0.049082 0.041365 0.997938 0.216988 
456293804838458 -0.008005 0.999133 -0.040857 0.012782 -0.998740 -0.010013 -0.049176 0.101551 -0.049542 0.040412 0.997954 0.217155 
456293821500208 -0.008204 0.999180 -0.039642 0.012562 -0.998712 -0.010172 -0.049704 0.102189 -0.050066 0.039183 0.997977 0.217338 
456293838161666 -0.008566 0.999234 -0.038180 0.012442 -0.998678 -0.010484 -0.050321 0.102516 -0.050683 0.037698 0.998003 0.218076 
456293854823250 -0.008802 0.999275 -0.037031 0.012280 -0.998646 -0.010684 -0.050921 0.103059 -0.051279 0.036533 0.998016 0.218275 
456293871484916 -0.008920 0.999303 -0.036244 0.012112 -0.998605 -0.010789 -0.051680 0.103580 -0.052035 0.035733 0.998006 0.218497 
456293888146583 -0.009020 0.999323 -0.035674 0.011943 -0.998557 -0.010890 -0.052578 0.104103 -0.052930 0.035149 0.997979 0.218724 
456293904808375 -0.009097 0.999349 -0.034898 0.011775 -0.998524 -0.010947 -0.053196 0.104652 -0.053543 0.034362 0.997974 0.218899 
456293921470083 -0.009068 0.999376 -0.034130 0.011608 -0.998534 -0.010871 -0.053021 0.105245 -0.053359 0.033600 0.998010 0.218990 
456293938131625 -0.008754 0.999402 -0.033436 0.011470 -0.998587 -0.010490 -0.052101 0.104508 -0.052421 0.032932 0.998082 0.217650 
456293954793208 -0.008267 0.999425 -0.032881 0.011280 -0.998635 -0.009947 -0.051268 0.105130 -0.051566 0.032413 0.998143 0.217678 
456293971454916 -0.007912 0.999430 -0.032832 0.011115 -0.998656 -0.009579 -0.050938 0.105769 -0.051224 0.032385 0.998162 0.217764 
456293988116541 -0.007764 0.999430 -0.032864 0.010990 -0.998650 -0.009438 -0.051083 0.106429 -0.051364 0.032423 0.998154 0.217888 
456294004778250 -0.007843 0.999445 -0.032386 0.010921 -0.998650 -0.009492 -0.051071 0.107095 -0.051350 0.031941 0.998170 0.217962 
456294021439875 -0.008048 0.999473 -0.031461 0.010900 -0.998674 -0.009633 -0.050571 0.107756 -0.050847 0.031012 0.998225 0.217964 
456294038101583 -0.008436 0.999491 -0.030771 0.010648 -0.998692 -0.009973 -0.050155 0.109470 -0.050436 0.030308 0.998267 0.218657 
456294054763125 -0.008690 0.999512 -0.030019 0.010704 -0.998705 -0.010181 -0.049856 0.110096 -0.050137 0.029547 0.998305 0.218748 
456294071424916 -0.008847 0.999518 -0.029752 0.010774 -0.998680 -0.010338 -0.050315 0.110662 -0.050598 0.029267 0.998290 0.218970 
456294088086250 -0.009130 0.999515 -0.029762 0.010881 -0.998622 -0.010651 -0.051382 0.111156 -0.051674 0.029252 0.998235 0.219306 
456294104748166 -0.009608 0.999512 -0.029706 0.011044 -0.998561 -0.011158 -0.052460 0.111575 -0.052766 0.029159 0.998181 0.219665 
456294121409250 -0.010349 0.999513 -0.029451 0.011278 -0.998517 -0.011904 -0.053121 0.111932 -0.053446 0.028857 0.998154 0.219976 
456294138071333 -0.011438 0.999514 -0.028993 0.011706 -0.998490 -0.012974 -0.053375 0.111994 -0.053725 0.028338 0.998154 0.219235 
456294154732625 -0.012113 0.999515 -0.028688 0.012011 -0.998482 -0.013633 -0.053367 0.112252 -0.053732 0.027998 0.998163 0.219434 
456294171394791 -0.012273 0.999510 -0.028800 0.012282 -0.998477 -0.013799 -0.053413 0.112458 -0.053784 0.028101 0.998157 0.219668 
456294188056333 -0.012370 0.999493 -0.029330 0.012553 -0.998453 -0.013936 -0.053828 0.112579 -0.054209 0.028619 0.998119 0.219982 
456294204717958 -0.012585 0.999469 -0.030070 0.012837 -0.998394 -0.014221 -0.054842 0.112609 -0.055240 0.029332 0.998042 0.220377 
456294221379625 -0.012672 0.999457 -0.030430 0.013114 -0.998339 -0.014357 -0.055789 0.112577 -0.056195 0.029672 0.997979 0.220751 
456294238041208 -0.012366 0.999453 -0.030671 0.013571 -0.998331 -0.014071 -0.056007 0.112437 -0.056408 0.029928 0.997959 0.218953 
456294254702958 -0.011632 0.999449 -0.031079 0.013807 -0.998364 -0.013349 -0.055605 0.112317 -0.055989 0.030382 0.997969 0.219065 
456294271364875 -0.010694 0.999447 -0.031495 0.014069 -0.998421 -0.012409 -0.054786 0.112127 -0.055146 0.030859 0.998001 0.219117 
456294288026416 -0.009786 0.999434 -0.032184 0.014401 -0.998483 -0.011511 -0.053853 0.111862 -0.054193 0.031608 0.998030 0.219166 
456294304688083 -0.009031 0.999417 -0.032927 0.014829 -0.998546 -0.010763 -0.052828 0.111521 -0.053151 0.032402 0.998061 0.219218 
456294321349708 -0.008440 0.999406 -0.033400 0.015372 -0.998607 -0.010163 -0.051772 0.111098 -0.052081 0.032917 0.998100 0.219273 
456294338011291 -0.008261 0.999387 -0.034025 0.015574 -0.998637 -0.009999 -0.051227 0.110681 -0.051536 0.033555 0.998107 0.220422 
456294354672958 -0.008634 0.999364 -0.034605 0.016418 -0.998626 -0.010406 -0.051349 0.110057 -0.051677 0.034114 0.998081 0.220633 
456294371334500 -0.009501 0.999334 -0.035222 0.017390 -0.998601 -0.011315 -0.051661 0.109361 -0.052025 0.034681 0.998043 0.220864 
456294387996333 -0.010581 0.999282 -0.036383 0.018447 -0.998590 -0.012452 -0.051607 0.108639 -0.052023 0.035786 0.998004 0.221057 
456294404658166 -0.011801 0.999197 -0.038278 0.019553 -0.998592 -0.013757 -0.051229 0.107936 -0.051714 0.037620 0.997953 0.221189 
456294421319750 -0.013079 0.999117 -0.039939 0.020680 -0.998605 -0.015095 -0.050605 0.107276 -0.051163 0.039222 0.997920 0.221217 
456294437981333 -0.014203 0.999064 -0.040853 0.021421 -0.998638 -0.016225 -0.049592 0.106835 -0.050208 0.040093 0.997934 0.220776 
456294454642875 -0.015214 0.999025 -0.041450 0.022461 -0.998679 -0.017217 -0.048415 0.106306 -0.049082 0.040659 0.997967 0.220570 
456294471304625 -0.015759 0.998983 -0.042236 0.023409 -0.998733 -0.017746 -0.047100 0.105860 -0.047802 0.041440 0.997997 0.220307 
456294487966166 -0.016023 0.998940 -0.043158 0.024277 -0.998793 -0.017995 -0.045695 0.105485 -0.046423 0.042373 0.998023 0.220012 
456294504628125 -0.016148 0.998902 -0.043984 0.025091 -0.998858 -0.018095 -0.044224 0.105159 -0.044971 0.043220 0.998053 0.219708 
456294521289708 -0.016285 0.998855 -0.044994 0.025883 -0.998923 -0.018210 -0.042688 0.104859 -0.043459 0.044251 0.998075 0.219430 
456294537951250 -0.016327 0.998797 -0.046231 0.026033 -0.998975 -0.018247 -0.041426 0.104201 -0.042220 0.045507 0.998071 0.218569 
456294554612916 -0.016910 0.998747 -0.047096 0.026822 -0.998990 -0.018838 -0.040794 0.103924 -0.041630 0.046359 0.998057 0.218416 
456294571274416 -0.017731 0.998699 -0.047808 0.027628 -0.998984 -0.019677 -0.040552 0.103695 -0.041440 0.047040 0.998033 0.218326 
456294587936000 -0.018369 0.998654 -0.048516 0.028412 -0.998985 -0.020327 -0.040191 0.103525 -0.041123 0.047728 0.998013 0.218247 
456294604597625 -0.018859 0.998604 -0.049333 0.029185 -0.999004 -0.020816 -0.039459 0.103404 -0.040431 0.048539 0.998003 0.218160 
456294621259750 -0.019271 0.998565 -0.049961 0.029958 -0.999016 -0.021228 -0.038946 0.103324 -0.039951 0.049161 0.997992 0.218112 
456294637921166 -0.019478 0.998562 -0.049937 0.031252 -0.999011 -0.021435 -0.038956 0.102543 -0.039970 0.049128 0.997992 0.217079 
456294654582833 -0.019773 0.998550 -0.050072 0.032041 -0.998992 -0.021750 -0.039255 0.102511 -0.040287 0.049245 0.997974 0.217162 
456294671244166 -0.020194 0.998528 -0.050343 0.032848 -0.998957 -0.022215 -0.039906 0.102508 -0.040965 0.049485 0.997934 0.217323 
456294687906041 -0.020630 0.998495 -0.050813 0.033658 -0.998917 -0.022705 -0.040607 0.102541 -0.041700 0.049921 0.997882 0.217528 
456294704567833 -0.020850 0.998458 -0.051441 0.034451 -0.998882 -0.022987 -0.041306 0.102627 -0.042425 0.050523 0.997821 0.217751 
456294721229416 -0.020771 0.998447 -0.051685 0.035225 -0.998867 -0.022938 -0.041700 0.102767 -0.042821 0.050761 0.997792 0.217947 
456294737891083 -0.020019 0.998461 -0.051709 0.035892 -0.998870 -0.022204 -0.042021 0.102579 -0.043104 0.050810 0.997778 0.217928 
456294754552833 -0.019140 0.998456 -0.052148 0.036633 -0.998871 -0.021364 -0.042430 0.102769 -0.043479 0.051277 0.997738 0.218162 
456294771214375 -0.018448 0.998415 -0.053172 0.037430 -0.998861 -0.020745 -0.042970 0.102945 -0.044005 0.052319 0.997660 0.218452 
456294787875875 -0.017624 0.998402 -0.053689 0.038276 -0.998856 -0.019969 -0.043446 0.103123 -0.044449 0.052862 0.997612 0.218715 
456294804537666 -0.016670 0.998411 -0.053839 0.039175 -0.998863 -0.019035 -0.043711 0.103298 -0.044666 0.053049 0.997592 0.218936 
456294821199250 -0.015588 0.998420 -0.053982 0.040131 -0.998870 -0.017974 -0.043992 0.103448 -0.044893 0.053236 0.997572 0.219163 
456294837861041 -0.014626 0.998458 -0.053551 0.042418 -0.998864 -0.017019 -0.044504 0.103393 -0.045346 0.052840 0.997573 0.219153 
456294854522791 -0.013439 0.998490 -0.053274 0.043534 -0.998863 -0.015843 -0.044966 0.103466 -0.045742 0.052609 0.997567 0.219416 
456294871184333 -0.012171 0.998502 -0.053351 0.044714 -0.998868 -0.014594 -0.045277 0.103520 -0.045988 0.052740 0.997549 0.219686 
456294887846000 -0.010972 0.998469 -0.054210 0.045961 -0.998871 -0.013450 -0.045560 0.103549 -0.046220 0.053649 0.997490 0.219990 
456294904507708 -0.009805 0.998435 -0.055055 0.047277 -0.998864 -0.012347 -0.046018 0.103553 -0.046626 0.054541 0.997422 0.220300 
456294921169416 -0.008418 0.998441 -0.055186 0.048639 -0.998863 -0.010985 -0.046386 0.103543 -0.046920 0.054733 0.997398 0.220539 
456294937830625 -0.006786 0.998458 -0.055100 0.050746 -0.998891 -0.009335 -0.046150 0.103419 -0.046593 0.054726 0.997414 0.220605 
456294954492583 -0.004964 0.998450 -0.055443 0.052245 -0.998940 -0.007488 -0.045417 0.103382 -0.045761 0.055159 0.997428 0.220657 
456294971154375 -0.003261 0.998435 -0.055830 0.053852 -0.998991 -0.005754 -0.044548 0.103314 -0.044800 0.055628 0.997446 0.220675 
456294987815750 -0.001931 0.998413 -0.056289 0.055595 -0.999020 -0.004415 -0.044035 0.103195 -0.044214 0.056149 0.997443 0.220715 
456295004477541 -0.001299 0.998370 -0.057056 0.057514 -0.999031 -0.003806 -0.043846 0.103003 -0.043992 0.056943 0.997408 0.220798 
456295021139291 -0.001016 0.998322 -0.057902 0.059596 -0.999041 -0.003548 -0.043646 0.102760 -0.043778 0.057802 0.997368 0.220877 
456295037800791 -0.000656 0.998279 -0.058643 0.061843 -0.999053 -0.003205 -0.043382 0.102443 -0.043495 0.058559 0.997336 0.221046 
456295054462583 -0.000398 0.998230 -0.059466 0.064220 -0.999056 -0.002980 -0.043332 0.102183 -0.043433 0.059393 0.997289 0.221038 
456295071124250 -0.000540 0.998172 -0.060431 0.066801 -0.999066 -0.003150 -0.043104 0.101942 -0.043216 0.060351 0.997241 0.220973 
456295087785875 -0.001153 0.998099 -0.061612 0.069587 -0.999100 -0.003762 -0.042243 0.101729 -0.042395 0.061508 0.997206 0.220818 
456295104447625 -0.001452 0.998047 -0.062444 0.072484 -0.999140 -0.004036 -0.041271 0.101567 -0.041443 0.062331 0.997195 0.220616 
456295121109375 -0.001305 0.998035 -0.062650 0.075465 -0.999153 -0.003877 -0.040954 0.101451 -0.041117 0.062544 0.997195 0.220445 
456295137770708 -0.001409 0.998043 -0.062513 0.078691 -0.999156 -0.003971 -0.040881 0.101194 -0.041049 0.062402 0.997207 0.222103 
456295154432583 -0.001892 0.998026 -0.062781 0.081977 -0.999156 -0.004463 -0.040823 0.101090 -0.041023 0.062651 0.997192 0.222104 
456295171093958 -0.002499 0.997979 -0.063492 0.085376 -0.999153 -0.005100 -0.040835 0.100972 -0.041076 0.063336 0.997147 0.222204 
456295187755625 -0.003224 0.997861 -0.065288 0.088881 -0.999143 -0.005909 -0.040971 0.100824 -0.041269 0.065100 0.997025 0.222434 
456295204417625 -0.004353 0.997736 -0.067107 0.092514 -0.999111 -0.007153 -0.041546 0.100652 -0.041932 0.066866 0.996880 0.222780 
456295221079250 -0.005700 0.997692 -0.067655 0.096260 -0.999045 -0.008612 -0.042833 0.100482 -0.043317 0.067346 0.996789 0.223188 
456295237740625 -0.007725 0.997679 -0.067658 0.101052 -0.998927 -0.010789 -0.045037 0.099960 -0.045663 0.067238 0.996692 0.222154 
456295254402416 -0.009762 0.997615 -0.068328 0.105063 -0.998777 -0.013040 -0.047698 0.099798 -0.048476 0.067779 0.996522 0.222539 
456295271064000 -0.011688 0.997544 -0.069060 0.109108 -0.998646 -0.015146 -0.049765 0.099669 -0.050689 0.068385 0.996371 0.222750 
456295287725708 -0.013407 0.997535 -0.068880 0.113149 -0.998579 -0.016911 -0.050538 0.099580 -0.051578 0.068104 0.996344 0.222661 
456295304387541 -0.014497 0.997559 -0.068311 0.117115 -0.998596 -0.017926 -0.049854 0.099542 -0.050957 0.067493 0.996418 0.222292 
456295321049208 -0.014834 0.997510 -0.068944 0.120962 -0.998672 -0.018182 -0.048196 0.099555 -0.049330 0.068137 0.996456 0.221782 
456295337710666 -0.014241 0.997328 -0.071647 0.125355 -0.998793 -0.017558 -0.045878 0.098912 -0.047014 0.070907 0.996374 0.220675 
456295354372416 -0.013357 0.997010 -0.076111 0.129021 -0.998921 -0.016692 -0.043342 0.098959 -0.044483 0.075450 0.996157 0.220097 
456295371034000 -0.012797 0.996742 -0.079628 0.132738 -0.999034 -0.016092 -0.040889 0.099002 -0.042037 0.079028 0.995986 0.219442 
456295387695625 -0.012375 0.996654 -0.080793 0.136530 -0.999115 -0.015573 -0.039074 0.099049 -0.040202 0.080238 0.995965 0.218710 
456295404357375 -0.012056 0.996674 -0.080598 0.140408 -0.999184 -0.015114 -0.037444 0.099101 -0.038537 0.080080 0.996043 0.217911 
456295421019125 -0.011945 0.996645 -0.080966 0.144392 -0.999260 -0.014859 -0.035484 0.099150 -0.036568 0.080482 0.996085 0.217079 
456295437680625 -0.012134 0.996554 -0.082055 0.148563 -0.999325 -0.014930 -0.033553 0.099073 -0.034663 0.081592 0.996063 0.216401 
456295454342333 -0.012802 0.996376 -0.084093 0.152754 -0.999371 -0.015530 -0.031869 0.099088 -0.033060 0.083632 0.995948 0.215651 
456295471004083 -0.013494 0.996167 -0.086421 0.157002 -0.999389 -0.016223 -0.030960 0.099095 -0.032243 0.085950 0.995778 0.215019 
456295487665500 -0.014055 0.996044 -0.087738 0.161298 -0.999393 -0.016792 -0.030526 0.099083 -0.031879 0.087256 0.995676 0.214428 
456295504327250 -0.014813 0.995951 -0.088671 0.165672 -0.999401 -0.017522 -0.029845 0.099023 -0.031278 0.088176 0.995614 0.213828 
456295520989083 -0.015859 0.995776 -0.090439 0.170130 -0.999420 -0.018512 -0.028572 0.098906 -0.030126 0.089934 0.995492 0.213229 
456295537650500 -0.016965 0.995596 -0.092194 0.175045 -0.999451 -0.019509 -0.026762 0.098347 -0.028443 0.091690 0.995381 0.212241 
456295554312208 -0.017882 0.995515 -0.092895 0.179635 -0.999491 -0.020252 -0.024632 0.098114 -0.026403 0.092408 0.995371 0.211553 
456295570973916 -0.019067 0.995480 -0.093034 0.184327 -0.999518 -0.021260 -0.022639 0.097830 -0.024515 0.092557 0.995406 0.210895 
456295587635541 -0.020629 0.995465 -0.092866 0.189135 -0.999525 -0.022660 -0.020872 0.097505 -0.022882 0.092391 0.995460 0.210309 
456295604297291 -0.022372 0.995435 -0.092787 0.194029 -0.999522 -0.024250 -0.019157 0.097142 -0.021320 0.092314 0.995502 0.209819 
456295620959000 -0.023673 0.995318 -0.093710 0.198918 -0.999522 -0.025426 -0.017564 0.096743 -0.019864 0.093249 0.995445 0.209473 
456295637620583 -0.024171 0.995167 -0.095170 0.204074 -0.999545 -0.025777 -0.015689 0.096675 -0.018067 0.094748 0.995337 0.208537 
456295654282125 -0.024508 0.995045 -0.096354 0.208938 -0.999559 -0.026010 -0.014358 0.096202 -0.016793 0.095960 0.995244 0.208338 
456295670943791 -0.024742 0.995085 -0.095884 0.213889 -0.999571 -0.026128 -0.013225 0.095715 -0.015665 0.095516 0.995305 0.208145 
456295687605625 -0.025247 0.995201 -0.094534 0.218979 -0.999573 -0.026525 -0.012283 0.095216 -0.014732 0.094184 0.995446 0.207988 
456295704267375 -0.026266 0.995212 -0.094145 0.224221 -0.999565 -0.027408 -0.010865 0.094694 -0.013393 0.093818 0.995499 0.207876 
456295720928875 -0.027823 0.995062 -0.095273 0.229601 -0.999551 -0.028754 -0.008417 0.094135 -0.011115 0.094996 0.995416 0.207781 
456295737585916 -0.029949 0.994893 -0.096394 0.235922 -0.999517 -0.030605 -0.005335 0.093398 -0.008258 0.096188 0.995329 0.207101 
456295754252083 -0.031689 0.994915 -0.095603 0.241444 -0.999480 -0.032108 -0.002855 0.092771 -0.005910 0.095463 0.995415 0.207013 
456295770913458 -0.032433 0.995257 -0.091716 0.246880 -0.999460 -0.032783 -0.002313 0.092176 -0.005308 0.091591 0.995783 0.207035 
456295787575375 -0.033225 0.995645 -0.087107 0.252308 -0.999429 -0.033640 -0.003291 0.091600 -0.006207 0.086948 0.996194 0.207222 
456295804237333 -0.034616 0.995772 -0.085092 0.257767 -0.999379 -0.035051 -0.003617 0.091021 -0.006584 0.084914 0.996367 0.207490 
456295820899000 -0.036069 0.995698 -0.085351 0.263205 -0.999336 -0.036378 -0.002070 0.090450 -0.005166 0.085220 0.996349 0.207675 
456295837560291 -0.036766 0.995634 -0.085796 0.269393 -0.999318 -0.036910 -0.000098 0.089715 -0.003265 0.085734 0.996313 0.207786 
456295854222125 -0.036104 0.995816 -0.083951 0.274614 -0.999344 -0.036206 0.000301 0.089232 -0.002740 0.083906 0.996470 0.207918 
456295870883291 -0.035114 0.996095 -0.081005 0.279766 -0.999376 -0.035299 -0.000851 0.088791 -0.003707 0.080925 0.996713 0.208095 
456295887545250 -0.034709 0.996228 -0.079536 0.284929 -0.999389 -0.034922 -0.001287 0.088360 -0.004060 0.079442 0.996831 0.208199 
456295904207000 -0.034469 0.996200 -0.079987 0.290041 -0.999402 -0.034565 0.000179 0.087947 -0.002587 0.079945 0.996796 0.208117 
456295920868916 -0.034059 0.996021 -0.082356 0.295054 -0.999420 -0.033935 0.002909 0.087576 0.000102 0.082408 0.996599 0.207894 
456295937530000 -0.033514 0.995788 -0.085346 0.300279 -0.999434 -0.033156 0.005618 0.087007 0.002765 0.085486 0.996336 0.209114 
456295954192125 -0.033378 0.995564 -0.087970 0.305204 -0.999429 -0.032793 0.008086 0.086686 0.005165 0.088190 0.996090 0.208824 
456295970853291 -0.033475 0.995532 -0.088290 0.310128 -0.999417 -0.032749 0.009656 0.086380 0.006722 0.088562 0.996048 0.208446 
456295987515333 -0.033322 0.995740 -0.085969 0.315011 -0.999418 -0.032569 0.010147 0.086108 0.007304 0.086257 0.996246 0.207989 
456296004177125 -0.033384 0.995986 -0.083052 0.319886 -0.999420 -0.032703 0.009540 0.085854 0.006786 0.083323 0.996500 0.207566 
456296020838708 -0.033623 0.996078 -0.081839 0.324758 -0.999417 -0.033021 0.008699 0.085607 0.005962 0.082084 0.996608 0.207221 
456296037500250 -0.033288 0.996066 -0.082121 0.329663 -0.999428 -0.032689 0.008632 0.085307 0.005913 0.082361 0.996585 0.205303 
456296054162000 -0.032643 0.996040 -0.082702 0.334463 -0.999440 -0.031916 0.010093 0.085111 0.007414 0.082985 0.996523 0.204842 
456296070823541 -0.032132 0.996091 -0.082277 0.339358 -0.999443 -0.031276 0.011670 0.084916 0.009051 0.082607 0.996541 0.204378 
456296087485375 -0.031582 0.996230 -0.080802 0.344381 -0.999456 -0.030712 0.011994 0.084736 0.009467 0.081137 0.996658 0.204069 
456296104147041 -0.031033 0.996236 -0.080931 0.349576 -0.999486 -0.030278 0.010537 0.084591 0.008047 0.081217 0.996664 0.204081 
456296120808666 -0.030816 0.996044 -0.083344 0.355008 -0.999505 -0.030175 0.008932 0.084456 0.006381 0.083578 0.996481 0.204310 
456296137470041 -0.030683 0.995788 -0.086394 0.360913 -0.999517 -0.030149 0.007476 0.084131 0.004840 0.086582 0.996233 0.205761 
456296154131958 -0.030733 0.995621 -0.088281 0.366850 -0.999521 -0.030295 0.006297 0.083980 0.003595 0.088433 0.996076 0.206132 
456296170793041 -0.031283 0.995533 -0.089083 0.373085 -0.999509 -0.031026 0.004273 0.083768 0.001490 0.089173 0.996015 0.206666 
456296187455083 -0.032738 0.995440 -0.089594 0.379641 -0.999463 -0.032749 0.001351 0.083463 -0.001589 0.089590 0.995978 0.207423 
456296204117000 -0.034316 0.995224 -0.091386 0.386397 -0.999399 -0.034618 -0.001721 0.083091 -0.004876 0.091272 0.995814 0.208393 
456296220778583 -0.035619 0.994878 -0.094597 0.393265 -0.999333 -0.036223 -0.004675 0.082678 -0.008078 0.094367 0.995505 0.209550 
456296237440083 -0.037368 0.994507 -0.097774 0.400851 -0.999229 -0.038364 -0.008323 0.082727 -0.012028 0.097387 0.995174 0.208316 
456296254101916 -0.039526 0.994056 -0.101441 0.408000 -0.999062 -0.041113 -0.013607 0.082201 -0.017696 0.100808 0.994748 0.209832 
456296270763291 -0.041667 0.993469 -0.106219 0.415184 -0.998856 -0.043917 -0.018927 0.081621 -0.023468 0.105309 0.994163 0.211462 
456296287425250 -0.042917 0.992831 -0.111552 0.422297 -0.998693 -0.045733 -0.022803 0.081029 -0.027742 0.110428 0.993497 0.212998 
456296304086916 -0.043795 0.992076 -0.117759 0.429368 -0.998575 -0.047068 -0.025157 0.080441 -0.030500 0.116490 0.992724 0.214401 
456296320748583 -0.044445 0.991254 -0.124260 0.436404 -0.998509 -0.048024 -0.025953 0.079869 -0.031693 0.122921 0.991910 0.215628 
456296337409916 -0.044375 0.990487 -0.130259 0.443609 -0.998528 -0.048047 -0.025182 0.079138 -0.031200 0.128950 0.991160 0.217348 
456296354071500 -0.043708 0.989707 -0.136271 0.450501 -0.998575 -0.047460 -0.024407 0.078577 -0.030623 0.135010 0.990371 0.218365 
456296370733458 -0.043006 0.988968 -0.141752 0.457402 -0.998596 -0.046941 -0.024534 0.077974 -0.030917 0.140498 0.989598 0.219409 
456296387395166 -0.042734 0.988128 -0.147571 0.464378 -0.998581 -0.046943 -0.025157 0.077289 -0.031785 0.146287 0.988731 0.220499 
456296404057000 -0.042859 0.987257 -0.153254 0.471457 -0.998549 -0.047337 -0.025689 0.076519 -0.032616 0.151930 0.987853 0.221576 
456296420718583 -0.043379 0.986474 -0.158073 0.478667 -0.998524 -0.047984 -0.025437 0.075684 -0.032678 0.156737 0.987100 0.222554 
456296437379750 -0.043696 0.985672 -0.162918 0.485895 -0.998533 -0.048306 -0.024443 0.073807 -0.031963 0.161611 0.986337 0.223931 
456296454041750 -0.044209 0.984807 -0.167932 0.493321 -0.998553 -0.048711 -0.022783 0.072835 -0.030617 0.166682 0.985535 0.224834 
456296470703333 -0.045021 0.983945 -0.172699 0.500913 -0.998548 -0.049443 -0.021388 0.071794 -0.029584 0.171485 0.984742 0.225765 
456296487365083 -0.046110 0.983111 -0.177105 0.508671 -0.998513 -0.050524 -0.020492 0.070677 -0.029094 0.175896 0.983979 0.226754 
456296504026833 -0.046762 0.982319 -0.181279 0.516506 -0.998496 -0.051169 -0.019704 0.069506 -0.028632 0.180085 0.983234 0.227770 
456296520688458 -0.046518 0.981611 -0.185140 0.524345 -0.998550 -0.050721 -0.018028 0.068392 -0.027087 0.184033 0.982547 0.228339 
456296537349916 -0.046529 0.980796 -0.189404 0.532303 -0.998594 -0.050492 -0.016149 0.067103 -0.025403 0.188386 0.981766 0.229314 
456296554011583 -0.047231 0.979916 -0.193739 0.540468 -0.998598 -0.050963 -0.014325 0.065708 -0.023910 0.192791 0.980948 0.230369 
456296570672916 -0.048247 0.979093 -0.197609 0.548837 -0.998566 -0.051874 -0.013214 0.064226 -0.023188 0.196688 0.980192 0.231515 
456296587334958 -0.049440 0.978291 -0.201251 0.557418 -0.998505 -0.053120 -0.012923 0.062680 -0.023332 0.200311 0.979454 0.232748 
456296603996708 -0.050693 0.977485 -0.204827 0.566188 -0.998433 -0.054465 -0.012815 0.061112 -0.023682 0.203856 0.978714 0.234003 
456296620658458 -0.051395 0.976846 -0.207678 0.575076 -0.998409 -0.055087 -0.012030 0.059572 -0.023192 0.206729 0.978123 0.235137 
456296637320083 -0.051033 0.976275 -0.210433 0.583600 -0.998467 -0.054395 -0.010216 0.058549 -0.021420 0.209589 0.977555 0.235688 
456296653981458 -0.050403 0.975476 -0.214259 0.592676 -0.998538 -0.053416 -0.008292 0.057081 -0.019533 0.213528 0.976742 0.236617 
456296670643208 -0.050012 0.974657 -0.218043 0.602003 -0.998594 -0.052644 -0.006271 0.055576 -0.017591 0.217423 0.975919 0.237478 
456296687304958 -0.049548 0.973873 -0.221624 0.611552 -0.998635 -0.051982 -0.005157 0.054020 -0.016543 0.221066 0.975119 0.238333 
456296703966708 -0.048868 0.973128 -0.225021 0.621283 -0.998666 -0.051363 -0.005246 0.052409 -0.016663 0.224464 0.974340 0.239200 
456296720628208 -0.047684 0.972804 -0.226669 0.631147 -0.998722 -0.050245 -0.005540 0.050753 -0.016778 0.226115 0.973956 0.239904 
456296737289500 -0.045844 0.972796 -0.227083 0.641399 -0.998832 -0.048108 -0.004442 0.049554 -0.015246 0.226615 0.973865 0.240071 
456296753951666 -0.043980 0.972263 -0.229718 0.651369 -0.998959 -0.045593 -0.001717 0.047856 -0.012143 0.229403 0.973256 0.240310 
456296770613333 -0.042248 0.971100 -0.234904 0.661394 -0.999075 -0.042962 0.002077 0.046120 -0.008075 0.234774 0.972016 0.240502 
456296787274750 -0.040547 0.969765 -0.240648 0.671529 -0.999162 -0.040693 0.004366 0.044324 -0.005559 0.240624 0.970603 0.240793 
456296803936583 -0.038172 0.969049 -0.243898 0.681773 -0.999255 -0.038423 0.003732 0.042449 -0.005754 0.243859 0.969794 0.241129 
456296820598083 -0.035355 0.969044 -0.244343 0.692149 -0.999349 -0.036022 0.001741 0.040471 -0.007114 0.244246 0.969687 0.241284 
456296837259750 -0.032232 0.969230 -0.244038 0.702552 -0.999460 -0.032813 0.001687 0.038643 -0.006372 0.243960 0.969764 0.238333 
456296853921291 -0.029208 0.969032 -0.245203 0.713129 -0.999570 -0.028931 0.004733 0.036531 -0.002508 0.245236 0.969460 0.237527 
456296870583208 -0.026528 0.968487 -0.247647 0.723833 -0.999643 -0.024895 0.009724 0.034386 0.003252 0.247816 0.968802 0.236397 
456296887244833 -0.024375 0.967745 -0.250749 0.734672 -0.999658 -0.021207 0.015329 0.032237 0.009517 0.251037 0.967931 0.235101 
456296903906583 -0.022305 0.967181 -0.253106 0.745583 -0.999629 -0.017616 0.020779 0.030139 0.015638 0.253475 0.967215 0.233706 
456296920568208 -0.019934 0.966950 -0.254185 0.756457 -0.999580 -0.013930 0.025400 0.028137 0.021020 0.254585 0.966822 0.232300 
456296937229708 -0.017192 0.966835 -0.254824 0.767674 -0.999528 -0.010127 0.029012 0.026708 0.025469 0.255202 0.966552 0.230479 
456296953891291 -0.014225 0.966626 -0.255795 0.778389 -0.999501 -0.006527 0.030919 0.025121 0.028217 0.256107 0.966236 0.229361 
456296970553166 -0.010976 0.966708 -0.255647 0.789066 -0.999498 -0.003006 0.031548 0.023827 0.029730 0.255865 0.966255 0.228394 
456296987214791 -0.007751 0.967259 -0.253673 0.799743 -0.999524 0.000086 0.030867 0.022867 0.029878 0.253791 0.966798 0.227591 
456297003876583 -0.004317 0.967996 -0.250930 0.810352 -0.999556 0.003225 0.029637 0.022260 0.029498 0.250946 0.967551 0.226943 
456297020538291 -0.000639 0.968458 -0.249177 0.820829 -0.999562 0.006751 0.028803 0.022028 0.029577 0.249086 0.968030 0.226437 
456297037199833 0.003472 0.968809 -0.247784 0.831469 -0.999521 0.010986 0.028948 0.022436 0.030767 0.247565 0.968383 0.224712 
456297053861250 0.007806 0.969566 -0.244706 0.841770 -0.999461 0.015366 0.029001 0.022960 0.031879 0.244347 0.969164 0.224385 
456297070522958 0.012560 0.970452 -0.240968 0.852076 -0.999429 0.019745 0.027428 0.023825 0.031376 0.240486 0.970146 0.224384 
456297087184666 0.017211 0.971255 -0.237420 0.862486 -0.999401 0.023843 0.025093 0.024990 0.030033 0.236846 0.971083 0.224679 
456297103846416 0.020941 0.971862 -0.234617 0.873095 -0.999339 0.027320 0.023971 0.026415 0.029706 0.233960 0.971792 0.225087 
456297120508083 0.023897 0.972152 -0.233132 0.883354 -0.999213 0.030613 0.025233 0.028386 0.031667 0.232345 0.972118 0.227176 
456297137169791 0.027487 0.972307 -0.232087 0.894167 -0.999019 0.034782 0.027400 0.030292 0.034713 0.231106 0.972309 0.227615 
456297153831041 0.031273 0.972750 -0.229740 0.905092 -0.998822 0.038948 0.028947 0.032371 0.037106 0.228564 0.972821 0.228151 
456297170493083 0.034061 0.973213 -0.227368 0.916270 -0.998653 0.042050 0.030386 0.034566 0.039133 0.226027 0.973335 0.228783 
456297187154625 0.034919 0.973361 -0.226605 0.927743 -0.998456 0.043782 0.034201 0.036851 0.043211 0.225061 0.973386 0.229350 
456297203816250 0.034700 0.973440 -0.226299 0.939352 -0.998127 0.045172 0.041263 0.039269 0.050390 0.224443 0.973183 0.229725 
456297220478125 0.034802 0.973891 -0.224331 0.950898 -0.997714 0.046865 0.048677 0.041897 0.057919 0.222124 0.973297 0.230082 
456297237139708 0.036444 0.974464 -0.221565 0.962794 -0.997365 0.049383 0.053142 0.045141 0.062727 0.219044 0.973696 0.228904 
456297253801166 0.039827 0.975226 -0.217597 0.973872 -0.997105 0.052905 0.054608 0.048323 0.064767 0.214792 0.974510 0.229848 
456297270463041 0.044390 0.975723 -0.214464 0.984726 -0.996821 0.057479 0.055182 0.051743 0.066169 0.211332 0.975172 0.230902 
456297287124541 0.050123 0.975634 -0.213600 0.995333 -0.996328 0.063709 0.057203 0.055381 0.069417 0.209948 0.975245 0.231835 
456297303786375 0.056695 0.975337 -0.213316 1.005762 -0.995526 0.071402 0.061878 0.059172 0.075583 0.208853 0.975022 0.232472 
456297320448000 0.062275 0.975449 -0.211236 1.013253 -0.994644 0.078148 0.067641 0.063427 0.082488 0.205893 0.975092 0.233366 
456297337109666 0.065495 0.975978 -0.207793 1.023979 -0.993957 0.082192 0.072756 0.067239 0.088087 0.201772 0.975463 0.233962 
456297353771250 0.066800 0.976624 -0.204311 1.034963 -0.993599 0.083806 0.075740 0.070975 0.091092 0.197944 0.975971 0.234814 
456297370432958 0.066120 0.977506 -0.200278 1.046224 -0.993505 0.083124 0.077710 0.074570 0.092610 0.193839 0.976652 0.235799 
456297387094625 0.063785 0.978515 -0.196062 1.057706 -0.993451 0.080922 0.080667 0.077981 0.094799 0.189632 0.977268 0.236716 
456297403756208 0.061477 0.979335 -0.192676 1.069104 -0.993180 0.079183 0.085575 0.081228 0.099063 0.186101 0.977524 0.237483 
456297420418041 0.060862 0.979685 -0.191085 1.080125 -0.992626 0.079512 0.091496 0.084389 0.104831 0.184107 0.977300 0.238205 
456297437079416 0.060624 0.979810 -0.190520 1.088677 -0.992131 0.080098 0.096232 0.088303 0.109549 0.183186 0.976955 0.239248 
