430024186005791 -0.016997 0.998057 0.059949 0.017814 -0.995474 -0.022499 0.092329 0.058842 0.093498 -0.058108 0.993922 0.075527 
430024202667666 -0.017037 0.998110 0.059038 0.017727 -0.995394 -0.022503 0.093192 0.059103 0.094344 -0.057178 0.993896 0.076746 
430024219329458 -0.016550 0.998325 0.055432 0.017513 -0.995193 -0.021799 0.095473 0.059190 0.096521 -0.053585 0.993888 0.076651 
430024235991041 -0.014991 0.998431 0.053958 0.017122 -0.995175 -0.020132 0.096032 0.059385 0.096968 -0.052258 0.993915 0.076721 
430024252652583 -0.014330 0.998307 0.056381 0.016800 -0.995350 -0.019614 0.094305 0.059602 0.095251 -0.054768 0.993946 0.076866 
430024269314333 -0.014630 0.998174 0.058604 0.016617 -0.995491 -0.020034 0.092715 0.059762 0.093720 -0.056984 0.993967 0.076967 
430024285975958 -0.014918 0.998246 0.057295 0.016491 -0.995453 -0.020219 0.093078 0.059888 0.094074 -0.055646 0.994009 0.076990 
430024302637625 -0.014097 0.998370 0.055306 0.016525 -0.995366 -0.019273 0.094207 0.059921 0.095119 -0.053722 0.994015 0.077751 
430024319299333 -0.013552 0.998402 0.054864 0.016347 -0.995302 -0.018730 0.094992 0.060074 0.095867 -0.053319 0.993965 0.077793 
430024335961041 -0.013977 0.998369 0.055358 0.016240 -0.995310 -0.019192 0.094813 0.060174 0.095721 -0.053774 0.993955 0.077920 
430024352622666 -0.014863 0.998335 0.055734 0.016149 -0.995403 -0.020047 0.093652 0.060258 0.094613 -0.054086 0.994044 0.078173 
430024369284416 -0.015564 0.998345 0.055371 0.016017 -0.995529 -0.020632 0.092179 0.060354 0.093169 -0.053689 0.994202 0.078491 
430024385946083 -0.015746 0.998385 0.054591 0.015832 -0.995606 -0.020696 0.091327 0.060466 0.092309 -0.052913 0.994323 0.078766 
430024402607583 -0.015407 0.998426 0.053934 0.016151 -0.995614 -0.020297 0.091323 0.060337 0.092274 -0.052291 0.994360 0.078504 
430024419269166 -0.014991 0.998474 0.053158 0.015960 -0.995640 -0.019801 0.091158 0.060411 0.092071 -0.051560 0.994417 0.078597 
430024435931083 -0.014836 0.998503 0.052643 0.015794 -0.995694 -0.019572 0.090616 0.060447 0.091511 -0.051072 0.994494 0.078714 
430024452592583 -0.015057 0.998522 0.052225 0.015664 -0.995768 -0.019710 0.089768 0.060435 0.090665 -0.050653 0.994592 0.078846 
430024469254416 -0.015421 0.998544 0.051697 0.015558 -0.995849 -0.019977 0.088801 0.060397 0.089705 -0.050113 0.994707 0.078958 
430024485915958 -0.015476 0.998575 0.051066 0.015447 -0.995907 -0.019943 0.088157 0.060356 0.089050 -0.049493 0.994797 0.078982 
430024502577666 -0.015079 0.998602 0.050669 0.015514 -0.995877 -0.019532 0.088581 0.060384 0.089447 -0.049125 0.994779 0.078423 
430024519239333 -0.014326 0.998628 0.050371 0.015394 -0.995764 -0.018824 0.090000 0.060293 0.090825 -0.048869 0.994667 0.078113 
430024535901041 -0.013612 0.998650 0.050136 0.015281 -0.995583 -0.018195 0.092105 0.060136 0.092893 -0.048661 0.994486 0.077738 
430024552562708 -0.013089 0.998665 0.049960 0.015173 -0.995395 -0.017758 0.094199 0.059894 0.094961 -0.048497 0.994299 0.077408 
430024569224458 -0.013110 0.998690 0.049452 0.015100 -0.995255 -0.017802 0.095663 0.059570 0.096418 -0.047963 0.994185 0.077215 
430024585886166 -0.013542 0.998720 0.048743 0.015064 -0.995176 -0.018199 0.096404 0.059198 0.097167 -0.047203 0.994148 0.077158 
430024602547750 -0.014083 0.998740 0.048168 0.015213 -0.995113 -0.018707 0.096950 0.059143 0.097729 -0.046568 0.994123 0.076929 
430024619209416 -0.014245 0.998762 0.047672 0.015169 -0.995036 -0.018855 0.097713 0.058780 0.098491 -0.046043 0.994072 0.076948 
430024635870958 -0.014277 0.998783 0.047213 0.015097 -0.994955 -0.018880 0.098525 0.058425 0.099296 -0.045568 0.994014 0.077013 
430024652532750 -0.014344 0.998816 0.046485 0.014993 -0.994898 -0.018900 0.099101 0.058089 0.099862 -0.044826 0.993991 0.077162 
430024669194541 -0.014517 0.998866 0.045338 0.014863 -0.994890 -0.018960 0.099173 0.057794 0.099921 -0.043666 0.994037 0.077410 
430024685855916 -0.014778 0.998910 0.044281 0.014723 -0.994928 -0.019098 0.098760 0.057566 0.099498 -0.042597 0.994126 0.077709 
430024702517708 -0.015060 0.998939 0.043523 0.015728 -0.995003 -0.019268 0.097964 0.058647 0.098699 -0.041830 0.994238 0.078201 
430024719179333 -0.015134 0.998992 0.042257 0.015635 -0.995052 -0.019198 0.097484 0.058731 0.098197 -0.040572 0.994340 0.078515 
430024735841000 -0.014565 0.999056 0.040916 0.015500 -0.995076 -0.018495 0.097373 0.058915 0.098038 -0.039296 0.994406 0.078785 
430024752502625 -0.013408 0.999119 0.039761 0.015300 -0.995081 -0.017236 0.097550 0.059176 0.098149 -0.038258 0.994436 0.079021 
430024769164416 -0.012154 0.999181 0.038585 0.015063 -0.995083 -0.015879 0.097764 0.059476 0.098296 -0.037207 0.994461 0.079259 
430024785826166 -0.011064 0.999244 0.037285 0.014792 -0.995127 -0.014657 0.097504 0.059803 0.097977 -0.036024 0.994537 0.079551 
430024802487750 -0.009889 0.999299 0.036099 0.012949 -0.995240 -0.013337 0.096542 0.059321 0.096956 -0.034973 0.994674 0.080339 
430024819149458 -0.009103 0.999326 0.035574 0.012541 -0.995361 -0.012463 0.095402 0.059527 0.095781 -0.034540 0.994803 0.080743 
430024835811041 -0.008929 0.999338 0.035269 0.012135 -0.995434 -0.012235 0.094669 0.059622 0.095038 -0.034262 0.994884 0.081084 
430024852472583 -0.009350 0.999337 0.035198 0.011721 -0.995464 -0.012635 0.094295 0.059594 0.094677 -0.034156 0.994922 0.081349 
430024869134375 -0.010111 0.999311 0.035712 0.011264 -0.995495 -0.013426 0.093856 0.059479 0.094270 -0.034602 0.994945 0.081556 
430024885796125 -0.010621 0.999261 0.036938 0.010703 -0.995521 -0.014037 0.093495 0.059324 0.093944 -0.035780 0.994934 0.081683 
430024902457958 -0.010498 0.999219 0.038085 0.009361 -0.995476 -0.014041 0.093970 0.058952 0.094431 -0.036926 0.994846 0.082281 
430024919119541 -0.010345 0.999176 0.039239 0.008625 -0.995356 -0.014045 0.095229 0.058733 0.095702 -0.038072 0.994682 0.082208 
430024935781125 -0.010618 0.999139 0.040114 0.007907 -0.995198 -0.014463 0.096806 0.058493 0.097303 -0.038894 0.994495 0.082088 
430024952442666 -0.011095 0.999079 0.041447 0.007212 -0.995078 -0.015113 0.097932 0.058287 0.098468 -0.040156 0.994330 0.081971 
430024969104541 -0.011272 0.999002 0.043211 0.006522 -0.995002 -0.015494 0.098641 0.058159 0.099212 -0.041883 0.994184 0.081860 
430024985766125 -0.011008 0.998924 0.045045 0.005841 -0.994928 -0.015446 0.099394 0.058107 0.099983 -0.043722 0.994028 0.081749 
430025002427750 -0.010433 0.998864 0.046501 0.005338 -0.994811 -0.015075 0.100619 0.057911 0.101206 -0.045210 0.993838 0.080518 
430025019089500 -0.010156 0.998812 0.047660 0.004841 -0.994710 -0.014963 0.101630 0.057931 0.102223 -0.046376 0.993680 0.080455 
430025035751166 -0.010350 0.998764 0.048604 0.004465 -0.994673 -0.015268 0.101947 0.057934 0.102563 -0.047290 0.993602 0.080545 
430025052412708 -0.011407 0.998710 0.049470 0.004231 -0.994744 -0.016368 0.101073 0.057916 0.101752 -0.048058 0.993648 0.080825 
430025069074458 -0.012716 0.998644 0.050487 0.004072 -0.994907 -0.017685 0.099231 0.057911 0.099989 -0.048969 0.993783 0.081244 
430025085735958 -0.013483 0.998574 0.051663 0.003908 -0.995105 -0.018459 0.097082 0.057948 0.097897 -0.050101 0.993935 0.081713 
430025102397791 -0.013780 0.998515 0.052696 0.003839 -0.995254 -0.018774 0.095480 0.057776 0.096328 -0.051130 0.994036 0.081520 
430025119059291 -0.013735 0.998516 0.052708 0.003727 -0.995349 -0.018680 0.094502 0.057846 0.095346 -0.051164 0.994128 0.081823 
430025135721208 -0.013736 0.998526 0.052514 0.003715 -0.995389 -0.018641 0.094092 0.057927 0.094932 -0.050980 0.994177 0.082029 
430025152382833 -0.013684 0.998518 0.052667 0.003798 -0.995419 -0.018588 0.093782 0.058034 0.094622 -0.051143 0.994199 0.082153 
430025169044625 -0.013729 0.998509 0.052832 0.003973 -0.995461 -0.018625 0.093328 0.058175 0.094173 -0.051311 0.994232 0.082241 
430025185706250 -0.013657 0.998523 0.052584 0.004208 -0.995529 -0.018494 0.092624 0.058358 0.093459 -0.051084 0.994312 0.082347 
430025202367833 -0.013347 0.998568 0.051804 0.004325 -0.995618 -0.018068 0.091746 0.058411 0.092551 -0.050353 0.994434 0.082728 
430025219029416 -0.012675 0.998638 0.050607 0.004600 -0.995714 -0.017242 0.090858 0.058668 0.091607 -0.049239 0.994577 0.082955 
430025235691041 -0.011735 0.998717 0.049267 0.004910 -0.995799 -0.016147 0.090136 0.058956 0.090816 -0.048002 0.994710 0.083198 
430025252352833 -0.010906 0.998797 0.047812 0.005302 -0.995885 -0.015151 0.089348 0.059239 0.089965 -0.046641 0.994852 0.083474 
430025269014541 -0.010629 0.998868 0.046363 0.005823 -0.995971 -0.014704 0.088457 0.059488 0.089038 -0.045236 0.995000 0.083781 
430025285676166 -0.010823 0.998936 0.044827 0.006472 -0.996037 -0.014728 0.087706 0.059687 0.088273 -0.043700 0.995137 0.084085 
430025302337875 -0.011287 0.999003 0.043191 0.006825 -0.996094 -0.015016 0.087008 0.059650 0.087570 -0.042041 0.995271 0.084496 
430025318999541 -0.012116 0.999059 0.041654 0.007665 -0.996100 -0.015700 0.086826 0.059763 0.087398 -0.040440 0.995352 0.084730 
430025335661125 -0.013240 0.999101 0.040273 0.008586 -0.996104 -0.016691 0.086597 0.059859 0.087191 -0.038970 0.995429 0.084966 
430025352322708 -0.014740 0.999129 0.039049 0.009559 -0.996139 -0.018054 0.085917 0.059942 0.086547 -0.037632 0.995537 0.085245 
430025368984416 -0.016420 0.999143 0.038002 0.010532 -0.996200 -0.019600 0.084857 0.060013 0.085529 -0.036464 0.995668 0.085553 
430025385646250 -0.017959 0.999153 0.037027 0.011455 -0.996252 -0.021017 0.083912 0.060069 0.084619 -0.035381 0.995785 0.085840 
430025402307958 -0.019378 0.999160 0.036107 0.011795 -0.996263 -0.022337 0.083430 0.060163 0.084166 -0.034356 0.995859 0.085896 
430025418969458 -0.020588 0.999174 0.035026 0.012552 -0.996267 -0.023441 0.083085 0.060196 0.083837 -0.033185 0.995927 0.086106 
430025435631208 -0.021864 0.999166 0.034474 0.013246 -0.996284 -0.024649 0.082529 0.060226 0.083310 -0.032542 0.995992 0.086292 
430025452292750 -0.023106 0.999126 0.034820 0.013848 -0.996313 -0.025892 0.081797 0.060256 0.082627 -0.032802 0.996041 0.086428 
430025468954458 -0.023970 0.999086 0.035400 0.014310 -0.996336 -0.026782 0.081223 0.060296 0.082097 -0.033323 0.996067 0.086503 
430025485616208 -0.024260 0.999080 0.035361 0.014609 -0.996347 -0.027061 0.080991 0.060347 0.081874 -0.033267 0.996087 0.086543 
430025502277875 -0.024242 0.999086 0.035191 0.014741 -0.996364 -0.027022 0.080794 0.060519 0.081671 -0.033104 0.996109 0.087483 
430025518939458 -0.023779 0.999092 0.035355 0.014802 -0.996394 -0.026567 0.080578 0.060588 0.081444 -0.033311 0.996121 0.087502 
430025535601208 -0.023231 0.999086 0.035886 0.014814 -0.996407 -0.026064 0.080589 0.060647 0.081451 -0.033885 0.996101 0.087446 
430025552262708 -0.022681 0.999077 0.036480 0.014806 -0.996370 -0.025584 0.081192 0.060679 0.082050 -0.034506 0.996031 0.087306 
430025568924583 -0.022260 0.999061 0.037160 0.014796 -0.996308 -0.025251 0.082054 0.060686 0.082915 -0.035196 0.995935 0.087125 
430025585586208 -0.021885 0.999044 0.037850 0.014777 -0.996260 -0.024958 0.082724 0.060677 0.083589 -0.035898 0.995853 0.086960 
430025602247875 -0.021354 0.999036 0.038360 0.014922 -0.996234 -0.024488 0.083180 0.060834 0.084039 -0.036439 0.995796 0.086911 
430025618909458 -0.021198 0.999020 0.038845 0.014924 -0.996212 -0.024384 0.083465 0.060814 0.084331 -0.036928 0.995753 0.086827 
430025635571208 -0.021279 0.998990 0.039567 0.014945 -0.996193 -0.024533 0.083653 0.060766 0.084539 -0.037636 0.995709 0.086769 
430025652232916 -0.021406 0.998962 0.040218 0.014967 -0.996186 -0.024715 0.083686 0.060692 0.084593 -0.038273 0.995680 0.086747 
430025668894666 -0.021605 0.998939 0.040671 0.014998 -0.996183 -0.024951 0.083646 0.060599 0.084572 -0.038708 0.995665 0.086753 
430025685556250 -0.021814 0.998917 0.041088 0.015037 -0.996177 -0.025195 0.083649 0.060505 0.084594 -0.039107 0.995648 0.086764 
430025702217833 -0.021796 0.998913 0.041200 0.015270 -0.996155 -0.025196 0.083904 0.060467 0.084851 -0.039213 0.995622 0.086273 
430025718879375 -0.021662 0.998913 0.041266 0.015297 -0.996127 -0.025083 0.084272 0.060392 0.085215 -0.039281 0.995588 0.086230 
430025735541291 -0.021473 0.998916 0.041299 0.015314 -0.996104 -0.024910 0.084595 0.060315 0.085532 -0.039322 0.995559 0.086196 
430025752202833 -0.021415 0.998922 0.041182 0.015337 -0.996089 -0.024850 0.084794 0.060224 0.085726 -0.039205 0.995547 0.086185 
430025768864625 -0.021354 0.998923 0.041202 0.015367 -0.996088 -0.024792 0.084814 0.060132 0.085744 -0.039229 0.995545 0.086183 
430025785526333 -0.021374 0.998925 0.041142 0.015416 -0.996076 -0.024812 0.084957 0.060033 0.085887 -0.039164 0.995535 0.086164 
430025802187916 -0.021657 0.998934 0.040775 0.015715 -0.996044 -0.025074 0.085245 0.059935 0.086177 -0.038767 0.995525 0.086015 
430025818849458 -0.022121 0.998939 0.040387 0.015823 -0.996007 -0.025515 0.085549 0.059816 0.086489 -0.038333 0.995515 0.085976 
430025835511166 -0.022593 0.998932 0.040313 0.015924 -0.995977 -0.025987 0.085757 0.059691 0.086713 -0.038213 0.995500 0.085916 
430025852172750 -0.022829 0.998929 0.040254 0.015978 -0.995954 -0.026225 0.085956 0.059562 0.086919 -0.038129 0.995485 0.085849 
430025868834708 -0.022888 0.998943 0.039870 0.015974 -0.995923 -0.026264 0.086301 0.059429 0.087257 -0.037732 0.995471 0.085781 
430025885496291 -0.022919 0.998960 0.039413 0.015928 -0.995881 -0.026272 0.086779 0.059294 0.087725 -0.037262 0.995448 0.085707 
430025902158000 -0.022907 0.998981 0.038895 0.015785 -0.995851 -0.026228 0.087137 0.059159 0.088068 -0.036737 0.995437 0.085882 
430025918819416 -0.023028 0.998982 0.038777 0.015719 -0.995839 -0.026342 0.087243 0.059043 0.088176 -0.036606 0.995432 0.085849 
430025935481166 -0.023082 0.998990 0.038560 0.015659 -0.995829 -0.026380 0.087345 0.058937 0.088274 -0.036383 0.995431 0.085826 
430025952142458 -0.023133 0.999006 0.038116 0.015638 -0.995801 -0.026404 0.087656 0.058838 0.088575 -0.035928 0.995421 0.085806 
430025968804583 -0.023189 0.999017 0.037771 0.015678 -0.995778 -0.026437 0.087906 0.058766 0.088818 -0.035573 0.995412 0.085805 
430025985466333 -0.023282 0.999017 0.037731 0.015790 -0.995787 -0.026522 0.087781 0.058740 0.088695 -0.035529 0.995425 0.085839 
430026002127916 -0.022853 0.999029 0.037672 0.015888 -0.995810 -0.026085 0.087649 0.058990 0.088546 -0.035512 0.995439 0.086401 
430026018789583 -0.022071 0.999060 0.037303 0.016104 -0.995828 -0.025274 0.087683 0.059112 0.088543 -0.035212 0.995450 0.086496 
430026035451250 -0.021052 0.999113 0.036477 0.016409 -0.995820 -0.024199 0.088073 0.059278 0.088878 -0.034470 0.995446 0.086613 
430026052112791 -0.020233 0.999157 0.035719 0.016851 -0.995823 -0.023321 0.088272 0.059464 0.089030 -0.033783 0.995456 0.086789 
430026068774583 -0.019635 0.999178 0.035469 0.017436 -0.995873 -0.022690 0.087878 0.059678 0.088611 -0.033597 0.995499 0.087046 
430026085436375 -0.018748 0.999221 0.034739 0.018125 -0.995963 -0.021715 0.087096 0.059936 0.087782 -0.032966 0.995594 0.087400 
430026102097958 -0.017496 0.999292 0.033304 0.018927 -0.996081 -0.020309 0.086081 0.060018 0.086697 -0.031668 0.995731 0.087147 
430026118759583 -0.015933 0.999351 0.032298 0.019851 -0.996222 -0.018624 0.084823 0.060338 0.085369 -0.030825 0.995872 0.087606 
430026135421166 -0.014972 0.999400 0.031244 0.020989 -0.996371 -0.017531 0.083295 0.060641 0.083793 -0.029883 0.996035 0.088104 
430026152082708 -0.014551 0.999428 0.030514 0.022350 -0.996525 -0.016998 0.081536 0.060917 0.082008 -0.029222 0.996203 0.088603 
430026168744583 -0.014294 0.999449 0.029955 0.023905 -0.996693 -0.016638 0.079539 0.061177 0.079993 -0.028719 0.996382 0.089091 
430026185406166 -0.014031 0.999484 0.028883 0.025640 -0.996854 -0.016236 0.077579 0.061428 0.078008 -0.027704 0.996568 0.089568 
430026202068083 -0.014005 0.999534 0.027138 0.027417 -0.996990 -0.016029 0.075854 0.061585 0.076254 -0.025994 0.996750 0.090442 
430026218729625 -0.013906 0.999596 0.024773 0.029495 -0.997074 -0.015725 0.074806 0.061778 0.075165 -0.023661 0.996890 0.090868 
430026235391208 -0.014113 0.999653 0.022257 0.031753 -0.997133 -0.015726 0.074014 0.061926 0.074339 -0.021149 0.997009 0.091266 
430026252052708 -0.014628 0.999699 0.019718 0.034187 -0.997190 -0.016035 0.073174 0.062030 0.073468 -0.018593 0.997124 0.091662 
430026268714458 -0.015549 0.999735 0.016957 0.036786 -0.997245 -0.016736 0.072267 0.062097 0.072532 -0.015786 0.997241 0.092061 
430026285376166 -0.016542 0.999766 0.013925 0.039509 -0.997300 -0.017494 0.071317 0.062145 0.071544 -0.012708 0.997356 0.092468 
430026302037916 -0.017625 0.999785 0.010934 0.042235 -0.997362 -0.018350 0.070232 0.062307 0.070417 -0.009667 0.997471 0.093075 
430026318699625 -0.018372 0.999800 0.007928 0.045085 -0.997447 -0.018875 0.068871 0.062337 0.069007 -0.006643 0.997594 0.093480 
430026335361291 -0.019056 0.999806 0.005039 0.048002 -0.997537 -0.019353 0.067422 0.062350 0.067506 -0.003741 0.997712 0.093869 
430026352022875 -0.019577 0.999806 0.002149 0.050973 -0.997606 -0.019677 0.066289 0.062352 0.066318 -0.000846 0.997798 0.094217 
430026368684583 -0.019971 0.999800 -0.001033 0.053989 -0.997645 -0.019860 0.065645 0.062326 0.065611 0.002342 0.997843 0.094529 
430026385346041 -0.020557 0.999778 -0.004619 0.057068 -0.997662 -0.020212 0.065290 0.062255 0.065182 0.005950 0.997856 0.094836 
430026402007958 -0.021319 0.999738 -0.008398 0.060372 -0.997685 -0.020731 0.064771 0.062070 0.064580 0.009759 0.997865 0.095264 
430026418669500 -0.022079 0.999680 -0.012387 0.063515 -0.997714 -0.021240 0.064159 0.061949 0.063875 0.013775 0.997863 0.095656 
430026435331291 -0.022854 0.999604 -0.016437 0.066677 -0.997738 -0.021765 0.063600 0.061824 0.063217 0.017853 0.997840 0.096059 
430026451992916 -0.023840 0.999500 -0.020747 0.069863 -0.997756 -0.022490 0.063070 0.061695 0.062572 0.022204 0.997793 0.096485 
430026468654625 -0.025040 0.999374 -0.024969 0.073056 -0.997764 -0.023436 0.062592 0.061571 0.061968 0.026480 0.997727 0.096924 
430026485316250 -0.026070 0.999236 -0.029122 0.076209 -0.997789 -0.024229 0.061892 0.061481 0.061139 0.030671 0.997658 0.097387 
430026501977916 -0.026494 0.999090 -0.033410 0.079085 -0.997827 -0.024414 0.061200 0.061703 0.060328 0.034959 0.997566 0.097895 
430026518639416 -0.026035 0.998925 -0.038360 0.082052 -0.997872 -0.023675 0.060754 0.061770 0.059780 0.039860 0.997415 0.098353 
430026535301250 -0.024824 0.998729 -0.043868 0.084953 -0.997908 -0.022135 0.060746 0.061895 0.059697 0.045284 0.997189 0.098806 
430026551962583 -0.023472 0.998497 -0.049524 0.087853 -0.997941 -0.020444 0.060794 0.062024 0.059690 0.050849 0.996921 0.099289 
430026568624750 -0.022393 0.998235 -0.055013 0.090796 -0.997992 -0.019059 0.060400 0.062123 0.059245 0.056255 0.996657 0.099839 
430026585286291 -0.021619 0.997956 -0.060138 0.093791 -0.998071 -0.018041 0.059411 0.062190 0.058205 0.061307 0.996420 0.100453 
430026601947958 -0.020574 0.997672 -0.065021 0.096393 -0.998151 -0.016777 0.058421 0.062278 0.057194 0.066103 0.996172 0.100859 
430026618609500 -0.019554 0.997355 -0.070008 0.099385 -0.998190 -0.015492 0.058106 0.062298 0.056868 0.071017 0.995853 0.101394 
430026635271208 -0.018411 0.996962 -0.075677 0.102370 -0.998204 -0.014013 0.058246 0.062274 0.057009 0.076613 0.995430 0.101923 
430026651932875 -0.017388 0.996497 -0.081798 0.105366 -0.998220 -0.012633 0.058291 0.062195 0.057053 0.082666 0.994943 0.102486 
430026668594625 -0.016833 0.996024 -0.087478 0.108412 -0.998249 -0.011778 0.057975 0.062061 0.056714 0.088301 0.994478 0.103064 
430026685256375 -0.016859 0.995559 -0.092619 0.111518 -0.998272 -0.011545 0.057618 0.061857 0.056292 0.093431 0.994033 0.103606 
430026701917916 -0.017358 0.995062 -0.097720 0.114123 -0.998272 -0.011761 0.057567 0.061610 0.056133 0.098551 0.993548 0.104040 
430026718579625 -0.018368 0.994507 -0.103046 0.117269 -0.998265 -0.012474 0.057547 0.061274 0.055946 0.103924 0.993010 0.104505 
430026735241208 -0.019424 0.993856 -0.108963 0.120396 -0.998263 -0.013216 0.057409 0.060899 0.055617 0.109888 0.992387 0.104942 
430026751902750 -0.020452 0.993211 -0.114517 0.123504 -0.998266 -0.013964 0.057178 0.060495 0.055191 0.115488 0.991774 0.105300 
430026768564625 -0.021665 0.992642 -0.119127 0.126603 -0.998264 -0.014951 0.056973 0.060046 0.054772 0.120154 0.991243 0.105555 
430026785226166 -0.023040 0.992134 -0.123041 0.129660 -0.998250 -0.016125 0.056902 0.059547 0.054470 0.124137 0.990769 0.105721 
430026801888041 -0.024359 0.991545 -0.127457 0.132311 -0.998219 -0.017180 0.057122 0.058766 0.054449 0.128622 0.990198 0.106082 
430026818549625 -0.025370 0.990835 -0.132676 0.135080 -0.998140 -0.017747 0.058322 0.058227 0.055433 0.133909 0.989442 0.106150 
430026835211250 -0.025772 0.990090 -0.138046 0.137659 -0.998037 -0.017599 0.060103 0.057706 0.057078 0.139324 0.988600 0.106148 
430026851872875 -0.025634 0.989391 -0.142999 0.140064 -0.997967 -0.016976 0.061437 0.057212 0.058357 0.144283 0.987814 0.106165 
430026868534625 -0.024919 0.988788 -0.147230 0.142318 -0.997974 -0.015980 0.061588 0.056761 0.058545 0.148467 0.987183 0.106263 
430026885196208 -0.023838 0.988248 -0.150990 0.144456 -0.998035 -0.014772 0.060886 0.056348 0.057940 0.152145 0.986659 0.106418 
430026901857875 -0.022204 0.987727 -0.154606 0.146233 -0.998090 -0.012982 0.060401 0.055856 0.057653 0.155652 0.986128 0.106047 
430026918519625 -0.020753 0.987181 -0.158249 0.148211 -0.998079 -0.011213 0.060938 0.055514 0.058383 0.159210 0.985517 0.106028 
430026935181250 -0.019700 0.986603 -0.161946 0.150211 -0.998016 -0.009716 0.062214 0.055206 0.059807 0.162850 0.984837 0.105930 
430026951842833 -0.019201 0.986087 -0.165118 0.152276 -0.997936 -0.008781 0.063609 0.054933 0.061274 0.165998 0.984221 0.105801 
430026968504583 -0.018698 0.985689 -0.167536 0.154372 -0.997878 -0.007947 0.064616 0.054704 0.062359 0.168389 0.983746 0.105672 
430026985166291 -0.017751 0.985316 -0.169817 0.156444 -0.997867 -0.006789 0.064920 0.054512 0.062813 0.170607 0.983335 0.105596 
430027001827875 -0.016279 0.984974 -0.171933 0.158150 -0.997898 -0.005218 0.064589 0.054239 0.062722 0.172624 0.982989 0.105343 
430027018489375 -0.015007 0.984670 -0.173783 0.160181 -0.997915 -0.003838 0.064430 0.054098 0.062776 0.174387 0.982674 0.105295 
430027035151250 -0.013904 0.984531 -0.174658 0.162252 -0.997923 -0.002675 0.064367 0.053972 0.062904 0.175190 0.982523 0.105203 
430027051812791 -0.013390 0.984536 -0.174670 0.164419 -0.997941 -0.002201 0.064098 0.053844 0.062723 0.175169 0.982538 0.105097 
430027068474708 -0.013200 0.984528 -0.174731 0.166660 -0.997968 -0.002078 0.063682 0.053721 0.062334 0.175216 0.982555 0.105003 
430027085136208 -0.012592 0.984460 -0.175159 0.168899 -0.997978 -0.001458 0.063548 0.053626 0.062305 0.175605 0.982487 0.104878 
430027101797916 -0.011668 0.984365 -0.175751 0.171164 -0.997967 -0.000451 0.063731 0.053636 0.062655 0.176138 0.982370 0.104426 
430027118459416 -0.010900 0.984344 -0.175919 0.173468 -0.997985 0.000288 0.063444 0.053556 0.062501 0.176256 0.982358 0.104318 
430027135121166 -0.010339 0.984354 -0.175897 0.175827 -0.998041 0.000697 0.062566 0.053463 0.061709 0.176200 0.982418 0.104265 
430027151782791 -0.009647 0.984439 -0.175464 0.178205 -0.998122 0.001136 0.061246 0.053377 0.060492 0.175725 0.982579 0.104219 
430027168444666 -0.008978 0.984625 -0.174452 0.180632 -0.998186 0.001562 0.060189 0.053302 0.059536 0.174675 0.982825 0.104116 
430027185106291 -0.008496 0.984904 -0.172893 0.183120 -0.998254 0.001753 0.059041 0.053244 0.058453 0.173092 0.983170 0.103981 
430027201767875 -0.008071 0.985136 -0.171586 0.185319 -0.998354 0.001807 0.057331 0.052925 0.056789 0.171766 0.983500 0.105250 
430027218429500 -0.007540 0.985192 -0.171287 0.187785 -0.998429 0.002093 0.055993 0.052952 0.055523 0.171440 0.983629 0.105256 
430027235091083 -0.006680 0.985173 -0.171433 0.190207 -0.998460 0.002871 0.055400 0.053044 0.055071 0.171539 0.983637 0.105180 
430027251752708 -0.005566 0.985173 -0.171475 0.192591 -0.998446 0.004033 0.055580 0.053196 0.055447 0.171518 0.983619 0.104995 
430027268414666 -0.004365 0.985218 -0.171250 0.194944 -0.998441 0.005237 0.055578 0.053401 0.055653 0.171225 0.983659 0.104801 
430027285076458 -0.003233 0.985297 -0.170820 0.197272 -0.998494 0.006174 0.054511 0.053666 0.054764 0.170739 0.983793 0.104696 
430027301737875 -0.002196 0.985406 -0.170206 0.199909 -0.998563 0.006953 0.053140 0.054273 0.053548 0.170078 0.983975 0.103587 
430027318399458 -0.000971 0.985383 -0.170350 0.202147 -0.998606 0.008033 0.052161 0.054677 0.052767 0.170163 0.984002 0.103437 
430027335061125 0.000151 0.985125 -0.171836 0.204311 -0.998597 0.009248 0.052140 0.055112 0.052954 0.171587 0.983745 0.103283 
430027351722750 0.001235 0.984797 -0.173705 0.206386 -0.998584 0.010453 0.052163 0.055582 0.053186 0.173395 0.983415 0.103164 
430027368384500 0.002397 0.984602 -0.174794 0.208370 -0.998613 0.011550 0.051367 0.056099 0.052595 0.174429 0.983264 0.103104 
430027385046333 0.003392 0.984566 -0.174983 0.210285 -0.998668 0.012343 0.050092 0.056648 0.051479 0.174580 0.983296 0.103071 
430027401707958 0.003785 0.984471 -0.175505 0.212396 -0.998697 0.012654 0.049441 0.057164 0.050894 0.175089 0.983236 0.101219 
430027418369541 0.004303 0.984299 -0.176456 0.214102 -0.998703 0.013184 0.049188 0.057718 0.050742 0.176015 0.983079 0.101044 
430027435031125 0.004628 0.984105 -0.177525 0.215651 -0.998697 0.013570 0.049191 0.058276 0.050818 0.177067 0.982886 0.100864 
430027451692625 0.004418 0.983924 -0.178535 0.217059 -0.998710 0.013374 0.048990 0.058823 0.050590 0.178088 0.982713 0.100720 
430027468354666 0.003906 0.983780 -0.179338 0.218281 -0.998749 0.012780 0.048350 0.059356 0.049858 0.178925 0.982599 0.100633 
430027485016250 0.003552 0.983590 -0.180382 0.219220 -0.998818 0.012234 0.047040 0.059871 0.048475 0.180002 0.982471 0.100632 
430027501678000 0.003357 0.983315 -0.181878 0.219479 -0.998893 0.011830 0.045522 0.060019 0.046914 0.181524 0.982267 0.100903 
430027518339583 0.002771 0.983163 -0.182712 0.219771 -0.998967 0.011010 0.044090 0.060428 0.045360 0.182401 0.982177 0.100918 
430027535001166 0.001969 0.983139 -0.182849 0.219759 -0.999038 0.009944 0.042708 0.060792 0.043806 0.182589 0.982213 0.100851 
430027551662791 0.000950 0.983203 -0.182515 0.219445 -0.999113 0.008615 0.041210 0.061108 0.042091 0.182315 0.982339 0.100707 
430027568324583 -0.000338 0.983353 -0.181708 0.218835 -0.999189 0.006983 0.039646 0.061379 0.040254 0.181574 0.982553 0.100472 
430027584986250 -0.001645 0.983600 -0.180354 0.217919 -0.999257 0.005330 0.038179 0.061608 0.038514 0.180283 0.982861 0.100098 
430027601647708 -0.002540 0.983972 -0.178306 0.216143 -0.999304 0.004136 0.037063 0.061521 0.037207 0.178276 0.983277 0.100539 
430027618309500 -0.003155 0.984458 -0.175590 0.214526 -0.999307 0.003409 0.037068 0.061718 0.037090 0.175585 0.983765 0.099845 
430027634971166 -0.003270 0.984945 -0.172835 0.212564 -0.999278 0.003323 0.037845 0.061935 0.037850 0.172834 0.984223 0.098977 
430027651632791 -0.002716 0.985397 -0.170252 0.210257 -0.999215 0.004053 0.039398 0.062193 0.039513 0.170225 0.984613 0.097955 
430027668294541 -0.001120 0.985677 -0.168643 0.207579 -0.999127 0.005941 0.041361 0.062504 0.041770 0.168542 0.984809 0.096847 
430027684956166 0.000880 0.985927 -0.167177 0.204614 -0.999007 0.008313 0.043767 0.062823 0.044540 0.166973 0.984955 0.095658 
430027701617791 0.002381 0.986292 -0.164992 0.202195 -0.998870 0.010178 0.046430 0.063046 0.047473 0.164695 0.985201 0.094546 
430027718279333 0.002963 0.986758 -0.162171 0.198999 -0.998768 0.010952 0.048392 0.063223 0.049527 0.161828 0.985575 0.093407 
430027734941250 0.002986 0.987254 -0.159125 0.195666 -0.998737 0.010924 0.049037 0.063326 0.050151 0.158778 0.986040 0.092415 
430027751602833 0.002547 0.987859 -0.155329 0.192212 -0.998750 0.010268 0.048926 0.063376 0.049927 0.155010 0.986650 0.091489 
430027768264666 0.001825 0.988630 -0.150356 0.188644 -0.998750 0.009314 0.049118 0.063383 0.049960 0.150078 0.987411 0.090501 
430027784925875 0.001263 0.989397 -0.145232 0.184916 -0.998707 0.008630 0.050102 0.063346 0.050824 0.144981 0.988128 0.089440 
430027801587875 0.000741 0.989990 -0.141137 0.181032 -0.998641 0.008088 0.051488 0.063264 0.052114 0.140907 0.988650 0.088397 
430027818249375 -0.000028 0.990456 -0.137829 0.177419 -0.998609 0.007239 0.052224 0.062898 0.052724 0.137638 0.989078 0.088299 
430027834910958 -0.000804 0.990995 -0.133897 0.173385 -0.998583 0.006328 0.052833 0.062797 0.053204 0.133750 0.989586 0.087410 
430027851572750 -0.001344 0.991607 -0.129281 0.169272 -0.998543 0.005643 0.053667 0.062720 0.053946 0.129165 0.990155 0.086490 
430027868234541 -0.001677 0.992154 -0.125012 0.165082 -0.998480 0.005227 0.054875 0.062649 0.055098 0.124914 0.990636 0.085580 
430027884896041 -0.002059 0.992593 -0.121471 0.160850 -0.998393 0.004840 0.056466 0.062560 0.056636 0.121392 0.990988 0.084721 
430027901557916 -0.002429 0.992966 -0.118372 0.157228 -0.998312 0.004460 0.057903 0.062610 0.058023 0.118313 0.991280 0.083690 
430027918219375 -0.001570 0.993336 -0.115240 0.152898 -0.998290 0.005177 0.058224 0.062543 0.058433 0.115134 0.991630 0.083010 
430027934881083 -0.000047 0.993748 -0.111649 0.148524 -0.998295 0.006471 0.058018 0.062484 0.058377 0.111461 0.992053 0.082379 
430027951542666 0.001404 0.994173 -0.107790 0.144193 -0.998272 0.007725 0.058247 0.062391 0.058741 0.107522 0.992466 0.081726 
430027968204625 0.002327 0.994605 -0.103706 0.139947 -0.998208 0.008512 0.059236 0.062230 0.059799 0.103382 0.992843 0.081028 
430027984866083 0.002530 0.995011 -0.099736 0.135799 -0.998130 0.008603 0.060516 0.061998 0.061072 0.099396 0.993172 0.080342 
430028001527833 0.001775 0.995351 -0.096295 0.131916 -0.998077 0.007730 0.061508 0.061592 0.061967 0.096000 0.993450 0.079407 
430028018189541 0.000703 0.995615 -0.093543 0.127940 -0.998064 0.006517 0.061860 0.061269 0.062198 0.093319 0.993692 0.078880 
430028034851083 -0.000352 0.995923 -0.090204 0.123994 -0.998065 0.005258 0.061949 0.060951 0.062171 0.090051 0.993995 0.078369 
430028051512583 -0.001450 0.996321 -0.085686 0.120072 -0.998054 0.003899 0.062229 0.060634 0.062334 0.085610 0.994377 0.077813 
430028068174458 -0.003162 0.996685 -0.081300 0.116206 -0.998019 0.001964 0.062891 0.060279 0.062842 0.081338 0.994704 0.077239 
430028084836250 -0.005386 0.996985 -0.077411 0.112377 -0.997959 -0.000433 0.063855 0.059902 0.063629 0.077597 0.994952 0.076665 
430028101497916 -0.007293 0.997266 -0.073539 0.108500 -0.997893 -0.002517 0.064831 0.059550 0.064469 0.073857 0.995183 0.076089 
430028118159333 -0.008411 0.997526 -0.069786 0.105123 -0.997800 -0.003783 0.066194 0.059192 0.065766 0.070190 0.995363 0.073501 
430028134821208 -0.008598 0.997744 -0.066588 0.101016 -0.997731 -0.004113 0.067200 0.058929 0.066774 0.067014 0.995515 0.072971 
430028151482541 -0.008227 0.997961 -0.063292 0.096806 -0.997712 -0.003944 0.067497 0.058694 0.067109 0.063703 0.995710 0.072541 
430028168144250 -0.007787 0.998197 -0.059516 0.092540 -0.997770 -0.003811 0.066630 0.058476 0.066283 0.059903 0.996001 0.072228 
430028184806208 -0.007397 0.998450 -0.055160 0.088244 -0.997872 -0.003797 0.065100 0.058306 0.064790 0.055524 0.996353 0.071955 
430028201467708 -0.006912 0.998726 -0.049981 0.082986 -0.997932 -0.003695 0.064180 0.058167 0.063913 0.050321 0.996686 0.071567 
430028218129500 -0.006323 0.998977 -0.044769 0.078599 -0.997910 -0.003424 0.064528 0.058068 0.064308 0.045084 0.996911 0.071016 
430028234791083 -0.005445 0.999172 -0.040308 0.074145 -0.997845 -0.002793 0.065554 0.057970 0.065387 0.040578 0.997035 0.070462 
430028251452583 -0.004215 0.999323 -0.036547 0.069610 -0.997786 -0.001777 0.066484 0.057834 0.066374 0.036746 0.997118 0.069990 
430028268114541 -0.003380 0.999466 -0.032496 0.065093 -0.997767 -0.001203 0.066783 0.057644 0.066709 0.032649 0.997238 0.069596 
430028284776125 -0.002964 0.999611 -0.027734 0.060619 -0.997786 -0.001114 0.066501 0.057440 0.066445 0.027870 0.997401 0.069235 
430028301437708 -0.002503 0.999754 -0.022062 0.056726 -0.997793 -0.001032 0.066399 0.057317 0.066360 0.022180 0.997549 0.069205 
430028318099250 -0.000935 0.999882 -0.015332 0.052217 -0.997788 0.000086 0.066469 0.057161 0.066462 0.015360 0.997671 0.068768 
430028334761083 0.001257 0.999969 -0.007736 0.047684 -0.997753 0.001773 0.066970 0.056972 0.066982 0.007635 0.997725 0.068326 
430028351422625 0.003247 0.999995 -0.000431 0.043208 -0.997693 0.003269 0.067807 0.056680 0.067808 0.000210 0.997698 0.067939 
430028368084416 0.004376 0.999971 0.006211 0.038869 -0.997632 0.003939 0.068667 0.056265 0.068640 -0.006497 0.997620 0.067631 
430028384746083 0.004771 0.999907 0.012800 0.034668 -0.997605 0.003876 0.069063 0.055776 0.069007 -0.013099 0.997530 0.067397 
430028401407875 0.005334 0.999804 0.019064 0.030522 -0.997595 0.004002 0.069199 0.055289 0.069109 -0.019388 0.997421 0.067212 
430028418069250 0.006986 0.999639 0.025948 0.027160 -0.997548 0.005159 0.069798 0.054844 0.069639 -0.026372 0.997223 0.066697 
430028434730916 0.009519 0.999376 0.034024 0.022960 -0.997461 0.007088 0.070866 0.054413 0.070581 -0.034612 0.996905 0.066469 
430028451392625 0.012353 0.999032 0.042207 0.018770 -0.997356 0.009287 0.072073 0.053939 0.071612 -0.042986 0.996506 0.066310 
430028468054375 0.014838 0.998693 0.048916 0.014659 -0.997307 0.011268 0.072466 0.053411 0.071820 -0.049859 0.996170 0.066357 
430028484716125 0.016701 0.998340 0.055123 0.010690 -0.997303 0.012693 0.072285 0.052858 0.071465 -0.056182 0.995860 0.066522 
430028501377791 0.017691 0.997917 0.062031 0.007413 -0.997272 0.013164 0.072637 0.052522 0.071669 -0.063147 0.995427 0.066163 
430028518039250 0.018618 0.997482 0.068435 0.003773 -0.997172 0.013541 0.073922 0.051972 0.072809 -0.069618 0.994913 0.066208 
430028534700708 0.019827 0.996984 0.075027 0.000213 -0.996985 0.014084 0.076306 0.051425 0.075019 -0.076314 0.994258 0.066197 
430028551362458 0.021277 0.996406 0.081994 -0.003264 -0.996732 0.014749 0.079423 0.050850 0.077928 -0.083416 0.993463 0.066178 
430028568024375 0.022349 0.995802 0.088765 -0.006577 -0.996465 0.014996 0.082660 0.050213 0.080982 -0.090299 0.992617 0.066220 
430028584686041 0.022941 0.995220 0.094929 -0.009676 -0.996206 0.014784 0.085764 0.049508 0.083951 -0.096536 0.991783 0.066355 
430028601347666 0.023002 0.994722 0.099992 -0.012416 -0.995988 0.014149 0.088358 0.049006 0.086476 -0.101623 0.991057 0.066766 
430028618009208 0.022300 0.994325 0.104024 -0.015051 -0.995904 0.012974 0.089484 0.048233 0.087626 -0.105593 0.990541 0.067267 
430028634670916 0.021163 0.993953 0.107745 -0.017505 -0.995956 0.011547 0.089097 0.047494 0.087314 -0.109195 0.990178 0.067977 
430028651332583 0.020222 0.993639 0.110780 -0.019861 -0.996036 0.010423 0.088333 0.046831 0.086617 -0.112128 0.989912 0.068787 
430028667994333 0.019884 0.993381 0.113133 -0.022170 -0.996014 0.009840 0.088656 0.046266 0.086956 -0.114444 0.989617 0.069567 
430028684656166 0.020158 0.993089 0.115621 -0.024451 -0.995846 0.009673 0.090540 0.045773 0.088796 -0.116966 0.989158 0.070257 
430028701317625 0.020804 0.992789 0.118057 -0.026857 -0.995585 0.009761 0.093361 0.045120 0.091535 -0.119478 0.988608 0.070936 
430028717979208 0.020465 0.992721 0.118689 -0.029004 -0.995391 0.009106 0.095468 0.044650 0.093692 -0.120096 0.988331 0.071799 
430028734640875 0.019337 0.992899 0.117381 -0.031068 -0.995322 0.008002 0.096282 0.044226 0.094659 -0.118693 0.988409 0.072863 
430028751302583 0.018110 0.993201 0.114993 -0.033133 -0.995314 0.006982 0.096445 0.043894 0.094986 -0.116201 0.988673 0.073997 
430028767964333 0.017243 0.993439 0.113053 -0.035267 -0.995322 0.006305 0.096409 0.043674 0.095064 -0.114187 0.988900 0.075080 
430028784625833 0.016491 0.993538 0.112295 -0.037475 -0.995337 0.005637 0.096297 0.043540 0.095041 -0.113359 0.988998 0.076068 
430028801287833 0.015446 0.993475 0.112997 -0.039966 -0.995392 0.004583 0.095778 0.043289 0.094635 -0.113955 0.988968 0.077899 
430028817949250 0.013425 0.993377 0.114115 -0.042293 -0.995458 0.002520 0.095168 0.043218 0.094250 -0.114874 0.988899 0.078791 
430028834610916 0.010346 0.993314 0.114982 -0.044668 -0.995558 -0.000529 0.094149 0.043188 0.093581 -0.115446 0.988896 0.079635 
430028851272500 0.006980 0.993292 0.115423 -0.047186 -0.995651 -0.003820 0.093083 0.043235 0.092900 -0.115571 0.988945 0.080383 
430028867934333 0.003880 0.993294 0.115548 -0.049917 -0.995708 -0.006848 0.092298 0.043390 0.092471 -0.115410 0.989004 0.080998 
430028884595958 0.001774 0.993225 0.116196 -0.052955 -0.995701 -0.009006 0.092187 0.043671 0.092609 -0.115860 0.988939 0.081448 
430028901257541 0.001245 0.993091 0.117340 -0.056260 -0.995617 -0.009743 0.093018 0.044061 0.093519 -0.116942 0.988726 0.082991 
430028917919250 0.001438 0.992980 0.118273 -0.059941 -0.995470 -0.009823 0.094572 0.044504 0.095070 -0.117873 0.988467 0.083307 
430028934580791 0.000919 0.992909 0.118872 -0.063764 -0.995357 -0.010532 0.095670 0.044953 0.096243 -0.118408 0.988290 0.083684 
430028951242583 -0.000703 0.992855 0.119326 -0.067675 -0.995336 -0.012205 0.095689 0.045412 0.096461 -0.118702 0.988233 0.084165 
430028967904333 -0.002975 0.992728 0.120344 -0.071679 -0.995364 -0.014508 0.095076 0.045908 0.096130 -0.119504 0.988169 0.084687 
430028984565916 -0.005493 0.992541 0.121786 -0.075782 -0.995379 -0.017103 0.094492 0.046428 0.095870 -0.120704 0.988048 0.085207 
430029001227708 -0.007654 0.992269 0.123871 -0.079818 -0.995420 -0.019365 0.093611 0.046786 0.095286 -0.122587 0.987873 0.086073 
430029017889166 -0.008652 0.991918 0.126589 -0.084241 -0.995488 -0.020507 0.092650 0.047356 0.094497 -0.125216 0.987619 0.086670 
430029034550833 -0.008734 0.991499 0.129824 -0.088819 -0.995612 -0.020719 0.091253 0.047951 0.093168 -0.128458 0.987329 0.087326 
430029051212500 -0.009008 0.991125 0.132631 -0.093424 -0.995731 -0.021075 0.089867 0.048557 0.091864 -0.131255 0.987083 0.088006 
430029067874416 -0.009717 0.990781 0.135126 -0.098013 -0.995776 -0.021926 0.089159 0.049166 0.091300 -0.133689 0.986809 0.088641 
430029084535958 -0.010481 0.990353 0.138168 -0.102608 -0.995770 -0.022950 0.088966 0.049772 0.091278 -0.136651 0.986405 0.089216 
430029101197583 -0.010893 0.989724 0.142575 -0.107137 -0.995756 -0.023768 0.088913 0.050297 0.091388 -0.141002 0.985782 0.089193 
430029117859125 -0.010635 0.988927 0.148022 -0.111805 -0.995818 -0.023908 0.088175 0.050867 0.090738 -0.146465 0.985045 0.089675 
430029134520750 -0.010166 0.988021 0.153984 -0.116487 -0.995993 -0.023688 0.086236 0.051418 0.088850 -0.152491 0.984303 0.090242 
430029151182541 -0.009925 0.987111 0.159727 -0.121150 -0.996215 -0.023555 0.083667 0.051932 0.086351 -0.158292 0.983609 0.090854 
430029167844333 -0.009873 0.986323 0.164529 -0.125791 -0.996380 -0.023597 0.081667 0.052427 0.084432 -0.163127 0.982986 0.091422 
430029184505916 -0.009058 0.985615 0.168763 -0.130474 -0.996447 -0.023030 0.081018 0.052939 0.083739 -0.167429 0.982321 0.091869 
430029201167458 -0.007868 0.984925 0.172801 -0.134673 -0.996404 -0.022301 0.081746 0.053241 0.084367 -0.171536 0.981559 0.092113 
430029217829083 -0.006716 0.984295 0.176401 -0.139277 -0.996369 -0.021559 0.082363 0.053712 0.084872 -0.175207 0.980866 0.092442 
430029234490708 -0.006482 0.983863 0.178806 -0.143752 -0.996415 -0.021438 0.081835 0.054137 0.084347 -0.177634 0.980475 0.092899 
430029251152291 -0.007163 0.983543 0.180534 -0.148091 -0.996542 -0.021967 0.080134 0.054521 0.082781 -0.179336 0.980299 0.093446 
430029267814250 -0.007243 0.983010 0.183409 -0.152431 -0.996680 -0.021971 0.078395 0.054927 0.081093 -0.182233 0.979906 0.093895 
430029284475916 -0.005696 0.982189 0.187809 -0.156855 -0.996748 -0.020673 0.077883 0.055383 0.080379 -0.186755 0.979113 0.094124 
430029301137583 -0.003394 0.981378 0.192055 -0.160798 -0.996733 -0.018818 0.078539 0.055502 0.080691 -0.191161 0.978236 0.094758 
430029317799125 -0.001620 0.980827 0.194874 -0.165028 -0.996687 -0.017430 0.079443 0.055895 0.081316 -0.194100 0.977606 0.094926 
430029334460708 -0.000917 0.980374 0.197142 -0.169043 -0.996711 -0.016872 0.079263 0.056231 0.081034 -0.196420 0.977165 0.095192 
