# Created at 2019-07-22 22:59:19 in PST in Burnaby Canada 
442529146380333 0.015273 0.996697 -0.079755 0.001212 -0.997260 0.009410 -0.073376 0.027334 -0.072384 0.080657 0.994110 0.157142 
442529163042166 0.018283 0.996410 -0.082660 0.000714 -0.997421 0.012437 -0.070688 0.027741 -0.069406 0.083739 0.994068 0.156248 
442529179703708 0.021048 0.996318 -0.083110 0.000275 -0.997401 0.015196 -0.070427 0.028209 -0.068904 0.084376 0.994049 0.155546 
442529196365583 0.022037 0.996387 -0.082018 -0.000408 -0.997368 0.016242 -0.070665 0.028099 -0.069078 0.083359 0.994123 0.156015 
442529213027250 0.020986 0.996536 -0.080469 -0.000241 -0.997411 0.015331 -0.070254 0.028378 -0.068777 0.081735 0.994278 0.155156 
442529229689000 0.019412 0.996702 -0.078791 0.000076 -0.997438 0.013879 -0.070183 0.028583 -0.068858 0.079952 0.994418 0.154305 
442529246350458 0.018106 0.996787 -0.078028 0.000387 -0.997459 0.012630 -0.070108 0.028744 -0.068897 0.079099 0.994483 0.153475 
442529263012333 0.016683 0.996805 -0.078113 0.000702 -0.997480 0.011205 -0.070056 0.028869 -0.068957 0.079085 0.994480 0.152700 
442529279674041 0.015145 0.996876 -0.077513 0.001000 -0.997455 0.009661 -0.070634 0.028997 -0.069665 0.078386 0.994486 0.151981 
442529296335583 0.013664 0.996970 -0.076575 0.001688 -0.997403 0.008173 -0.071556 0.027343 -0.070713 0.077354 0.994493 0.150298 
442529312997250 0.012525 0.997051 -0.075711 0.001876 -0.997374 0.007056 -0.072071 0.027452 -0.071324 0.076415 0.994522 0.149639 
442529329659166 0.012524 0.997048 -0.075750 0.001928 -0.997359 0.007036 -0.072282 0.027589 -0.071536 0.076455 0.994503 0.148963 
442529346320708 0.013497 0.996992 -0.076326 0.001887 -0.997384 0.008002 -0.071844 0.027730 -0.071017 0.077096 0.994491 0.148225 
442529362982500 0.014887 0.996931 -0.076857 0.001831 -0.997440 0.009430 -0.070887 0.027861 -0.069944 0.077716 0.994519 0.147405 
442529379644166 0.015929 0.996889 -0.077190 0.001837 -0.997513 0.010543 -0.069695 0.027966 -0.068665 0.078108 0.994577 0.146542 
442529396305833 0.015955 0.996890 -0.077170 0.001389 -0.997521 0.010579 -0.069574 0.027494 -0.068542 0.078089 0.994587 0.147159 
442529412967416 0.016195 0.996903 -0.076959 0.001445 -0.997417 0.010721 -0.071017 0.027488 -0.069972 0.077910 0.994502 0.146552 
442529429629291 0.016645 0.996926 -0.076562 0.001464 -0.997255 0.011027 -0.073222 0.027445 -0.072153 0.077571 0.994373 0.145935 
442529446290875 0.017337 0.996967 -0.075871 0.001462 -0.997184 0.011704 -0.074073 0.027385 -0.072960 0.076941 0.994363 0.145085 
442529462952875 0.017987 0.997028 -0.074912 0.001476 -0.997317 0.012574 -0.072115 0.027325 -0.070959 0.076008 0.994579 0.143895 
442529479614500 0.018589 0.997081 -0.074052 0.001492 -0.997567 0.013520 -0.068385 0.027272 -0.067184 0.075143 0.994907 0.142514 
442529496276041 0.018914 0.997085 -0.073914 0.001078 -0.997738 0.014053 -0.065741 0.025973 -0.064510 0.074990 0.995095 0.144637 
442529512937791 0.018888 0.997093 -0.073812 0.001050 -0.997790 0.014094 -0.064940 0.025868 -0.063711 0.074875 0.995156 0.143768 
442529529599416 0.018148 0.997166 -0.073013 0.001052 -0.997738 0.013334 -0.065890 0.025726 -0.064730 0.074044 0.995152 0.143070 
442529546261125 0.017262 0.997279 -0.071668 0.001047 -0.997671 0.012449 -0.067066 0.025582 -0.065991 0.072659 0.995171 0.142381 
442529562918791 0.016980 0.997342 -0.070850 0.000975 -0.997688 0.012237 -0.066855 0.025487 -0.065810 0.071821 0.995244 0.141589 
442529579584708 0.017368 0.997343 -0.070741 0.000842 -0.997796 0.012758 -0.065115 0.025477 -0.064039 0.071716 0.995367 0.140705 
442529596246125 0.017262 0.997296 -0.071435 0.000404 -0.997919 0.012745 -0.063205 0.025359 -0.062123 0.072377 0.995441 0.139539 
442529612908000 0.016612 0.997276 -0.071868 0.000362 -0.997975 0.012124 -0.062441 0.025473 -0.061400 0.072760 0.995458 0.138849 
442529629569625 0.015583 0.997356 -0.070975 0.000352 -0.997908 0.011059 -0.063696 0.025616 -0.062743 0.071819 0.995442 0.138307 
442529646231166 0.014971 0.997451 -0.069763 0.000299 -0.997827 0.010427 -0.065058 0.025795 -0.064165 0.070585 0.995440 0.137763 
442529662893041 0.015345 0.997487 -0.069162 0.000170 -0.997866 0.010887 -0.064381 0.026047 -0.063466 0.070003 0.995526 0.137057 
442529679554833 0.016256 0.997450 -0.069500 0.000014 -0.998026 0.011970 -0.061649 0.026367 -0.060660 0.070365 0.995675 0.136211 
442529696216291 0.016897 0.997376 -0.070389 -0.001019 -0.998165 0.012732 -0.059207 0.026626 -0.058155 0.071260 0.995761 0.135901 
442529712878166 0.016441 0.997361 -0.070710 -0.001074 -0.998188 0.012278 -0.058908 0.026900 -0.057884 0.071550 0.995756 0.135365 
442529729539833 0.015098 0.997430 -0.070044 -0.001053 -0.998109 0.010860 -0.060502 0.027108 -0.059586 0.070825 0.995707 0.134978 
442529746201458 0.013131 0.997548 -0.068745 -0.000977 -0.998027 0.008854 -0.062152 0.027275 -0.061391 0.069426 0.995696 0.134576 
442529762863333 0.011336 0.997636 -0.067777 -0.000927 -0.997969 0.007039 -0.063309 0.027453 -0.062682 0.068357 0.995690 0.134132 
442529779524958 0.010229 0.997686 -0.067214 -0.000960 -0.997914 0.005901 -0.064288 0.027685 -0.063742 0.067731 0.995665 0.133675 
442529796186875 0.010031 0.997705 -0.066965 -0.001199 -0.997872 0.005673 -0.064956 0.028010 -0.064427 0.067474 0.995639 0.131590 
442529812848291 0.010277 0.997671 -0.067435 -0.001408 -0.997867 0.005885 -0.065011 0.028389 -0.064462 0.067960 0.995603 0.131037 
442529829510083 0.011315 0.997608 -0.068189 -0.001683 -0.997896 0.006912 -0.064461 0.028830 -0.063836 0.068775 0.995588 0.130484 
442529846171666 0.012696 0.997549 -0.068813 -0.001966 -0.997937 0.008310 -0.063652 0.029323 -0.062925 0.069479 0.995597 0.129949 
442529862833458 0.013888 0.997480 -0.069575 -0.002200 -0.997982 0.009517 -0.062774 0.029848 -0.061954 0.070306 0.995600 0.129476 
442529879495250 0.014975 0.997390 -0.070631 -0.002398 -0.998001 0.010571 -0.062315 0.030401 -0.061405 0.071423 0.995554 0.129112 
442529896156833 0.015707 0.997317 -0.071497 -0.002883 -0.997998 0.011257 -0.062231 0.031302 -0.061259 0.072332 0.995498 0.125424 
442529912818583 0.015980 0.997302 -0.071650 -0.002955 -0.997979 0.011502 -0.062488 0.031901 -0.061496 0.072504 0.995470 0.125080 
442529929480291 0.016023 0.997295 -0.071730 -0.002964 -0.997936 0.011489 -0.063180 0.032523 -0.062185 0.072594 0.995421 0.124826 
442529946141958 0.016286 0.997263 -0.072112 -0.002944 -0.997874 0.011660 -0.064115 0.033170 -0.063099 0.073003 0.995334 0.124665 
442529962803666 0.016749 0.997208 -0.072776 -0.002886 -0.997826 0.012032 -0.064790 0.033835 -0.063733 0.073703 0.995242 0.124554 
442529979465291 0.017072 0.997125 -0.073829 -0.002761 -0.997784 0.012241 -0.065401 0.034504 -0.064309 0.074782 0.995124 0.124504 
442529996126875 0.017489 0.997035 -0.074937 -0.003671 -0.997681 0.012471 -0.066915 0.035024 -0.065782 0.075933 0.994941 0.123062 
442530012788541 0.017358 0.997017 -0.075205 -0.003457 -0.997508 0.012125 -0.069498 0.035678 -0.068379 0.076224 0.994743 0.123149 
442530029450500 0.017298 0.997013 -0.075270 -0.003238 -0.997281 0.011811 -0.072745 0.036352 -0.071638 0.076324 0.994506 0.123287 
442530046112208 0.017651 0.996988 -0.075520 -0.003051 -0.997070 0.011929 -0.075559 0.037054 -0.074430 0.076632 0.994277 0.123386 
442530062773916 0.018669 0.996925 -0.076109 -0.002911 -0.996912 0.012754 -0.077486 0.037798 -0.076277 0.077321 0.994084 0.123397 
442530079435625 0.020153 0.996857 -0.076615 -0.002809 -0.996776 0.014081 -0.078989 0.038586 -0.077662 0.077960 0.993927 0.123332 
442530096097166 0.021392 0.996811 -0.076881 -0.002619 -0.996682 0.015222 -0.079963 0.039460 -0.078538 0.078337 0.993829 0.124265 
442530112758791 0.022485 0.996772 -0.077067 -0.002437 -0.996646 0.016282 -0.080200 0.040270 -0.078686 0.078612 0.993795 0.124034 
442530129420500 0.023189 0.996724 -0.077483 -0.002228 -0.996661 0.016979 -0.079860 0.041068 -0.078283 0.079076 0.993790 0.123773 
442530146082250 0.023815 0.996720 -0.077346 -0.002031 -0.996645 0.017611 -0.079924 0.041850 -0.078300 0.078990 0.993796 0.123554 
442530162744125 0.024662 0.996756 -0.076606 -0.001868 -0.996586 0.018474 -0.080467 0.042614 -0.078790 0.078329 0.993809 0.123393 
442530179405875 0.025806 0.996771 -0.076037 -0.001758 -0.996524 0.019624 -0.080955 0.043357 -0.079202 0.077862 0.993813 0.123276 
442530196067541 0.026881 0.996738 -0.076090 -0.002188 -0.996509 0.020700 -0.080882 0.044081 -0.079043 0.077999 0.993815 0.123137 
442530212729041 0.027447 0.996749 -0.075745 -0.002084 -0.996473 0.021271 -0.081174 0.044776 -0.079299 0.077706 0.993818 0.123119 
442530229390666 0.027556 0.996797 -0.075069 -0.001960 -0.996359 0.021328 -0.082539 0.045443 -0.080674 0.077070 0.993756 0.123237 
442530246052458 0.027672 0.996810 -0.074864 -0.001870 -0.996184 0.021298 -0.084639 0.046094 -0.082774 0.076921 0.993595 0.123469 
442530262714083 0.028092 0.996739 -0.075645 -0.001851 -0.995999 0.021488 -0.086739 0.046735 -0.084831 0.077779 0.993355 0.123752 
442530279376041 0.028994 0.996667 -0.076257 -0.001910 -0.995819 0.022189 -0.088611 0.047361 -0.086623 0.078507 0.993143 0.124017 
442530296037708 0.032267 0.996592 -0.075915 -0.001793 -0.995521 0.025294 -0.091091 0.046565 -0.088861 0.078515 0.992945 0.125133 
442530312699250 0.034775 0.996590 -0.074825 -0.002005 -0.995086 0.027583 -0.095089 0.047016 -0.092701 0.077764 0.992653 0.125562 
442530329360958 0.034725 0.996693 -0.073465 -0.001944 -0.994828 0.027452 -0.097798 0.047467 -0.095458 0.076482 0.992491 0.125872 
442530346022583 0.034042 0.996757 -0.072920 -0.001772 -0.994846 0.026823 -0.097784 0.047826 -0.095511 0.075873 0.992533 0.125924 
442530362684375 0.033290 0.996790 -0.072812 -0.001547 -0.995032 0.026215 -0.096044 0.048151 -0.093827 0.075648 0.992710 0.125822 
442530379346291 0.033149 0.996805 -0.072672 -0.001380 -0.995152 0.026183 -0.094793 0.048432 -0.092587 0.075462 0.992841 0.125771 
442530396007750 0.032593 0.996896 -0.071668 -0.000759 -0.995106 0.025675 -0.095417 0.047511 -0.093281 0.074427 0.992854 0.125216 
442530412669416 0.030970 0.997109 -0.069384 -0.000536 -0.994864 0.024059 -0.098320 0.047631 -0.096366 0.072073 0.992733 0.125495 
442530429330916 0.028285 0.997393 -0.066379 -0.000221 -0.994583 0.021436 -0.101711 0.047662 -0.100023 0.068897 0.992597 0.125776 
442530445992833 0.025592 0.997642 -0.063682 0.000118 -0.994433 0.018893 -0.103664 0.047632 -0.102217 0.065981 0.992572 0.125901 
442530462654583 0.023810 0.997782 -0.062161 0.000404 -0.994494 0.017293 -0.103353 0.047595 -0.102049 0.064280 0.992700 0.125792 
442530479316375 0.023056 0.997793 -0.062272 0.000626 -0.994713 0.016661 -0.101330 0.047559 -0.100069 0.064279 0.992902 0.125512 
442530495977958 0.022954 0.997750 -0.062989 0.000389 -0.994921 0.016622 -0.099276 0.047010 -0.098006 0.064948 0.993064 0.128573 
442530512639625 0.022427 0.997763 -0.062982 0.000614 -0.995045 0.016173 -0.098098 0.046917 -0.096860 0.064870 0.993182 0.128414 
442530529301416 0.021740 0.997824 -0.062251 0.000850 -0.995051 0.015556 -0.098143 0.046800 -0.096961 0.064077 0.993223 0.128343 
442530545963041 0.021096 0.997872 -0.061688 0.001080 -0.995011 0.014938 -0.098644 0.046666 -0.097512 0.063461 0.993209 0.128319 
442530562624833 0.020771 0.997911 -0.061168 0.001291 -0.995004 0.014657 -0.098753 0.046541 -0.097651 0.062913 0.993230 0.128267 
442530579286458 0.020708 0.997922 -0.061013 0.001489 -0.995069 0.014651 -0.098096 0.046426 -0.096998 0.062743 0.993305 0.128158 
442530595948083 0.020524 0.997940 -0.060775 0.001205 -0.995138 0.014534 -0.097412 0.046552 -0.096328 0.062479 0.993387 0.126538 
442530612609875 0.019530 0.997953 -0.060895 0.001485 -0.995272 0.013609 -0.096172 0.046417 -0.095147 0.062486 0.993500 0.126352 
442530629271583 0.018214 0.997944 -0.061456 0.001817 -0.995467 0.012362 -0.094295 0.046229 -0.093341 0.062895 0.993646 0.126192 
442530645933208 0.016663 0.997822 -0.063819 0.002227 -0.995704 0.010746 -0.091961 0.046006 -0.091075 0.065077 0.993715 0.126120 
442530662594958 0.015874 0.997811 -0.064197 0.002586 -0.995831 0.010009 -0.090668 0.045872 -0.089827 0.065368 0.993810 0.126110 
442530679256791 0.015750 0.997875 -0.063220 0.002916 -0.996010 0.010103 -0.088670 0.045760 -0.087843 0.064364 0.994053 0.126051 
442530695918000 0.015502 0.997981 -0.061588 0.003066 -0.996214 0.010146 -0.086342 0.047023 -0.085543 0.062693 0.994360 0.124908 
442530712579958 0.014693 0.998131 -0.059311 0.003502 -0.996413 0.009672 -0.084066 0.046984 -0.083336 0.060334 0.994693 0.124721 
442530729241708 0.013578 0.998269 -0.057219 0.003997 -0.996615 0.008871 -0.081727 0.046948 -0.081078 0.058135 0.995011 0.124515 
442530745903541 0.012742 0.998356 -0.055885 0.004491 -0.996772 0.008252 -0.079853 0.046940 -0.079260 0.056723 0.995239 0.124331 
442530762565166 0.012834 0.998321 -0.056478 0.004913 -0.996860 0.008360 -0.078739 0.046943 -0.078134 0.057311 0.995294 0.124232 
442530779227041 0.013423 0.998199 -0.058467 0.005318 -0.996824 0.008768 -0.079150 0.046956 -0.078495 0.059344 0.995147 0.124269 
442530795888541 0.014257 0.998063 -0.060555 0.006179 -0.996712 0.009355 -0.080478 0.047340 -0.079756 0.061503 0.994915 0.124230 
442530812550250 0.014186 0.997961 -0.062230 0.006781 -0.996614 0.009071 -0.081717 0.047319 -0.080986 0.063178 0.994711 0.124258 
442530829211875 0.014003 0.997827 -0.064376 0.007464 -0.996595 0.008696 -0.081986 0.047298 -0.081248 0.065305 0.994552 0.124190 
442530845873666 0.013491 0.997675 -0.066801 0.008264 -0.996679 0.008052 -0.081025 0.047282 -0.080299 0.067673 0.994471 0.124001 
442530862535375 0.012200 0.997530 -0.069178 0.009224 -0.996791 0.006660 -0.079766 0.047259 -0.079108 0.069929 0.994410 0.123770 
442530879197166 0.010524 0.997432 -0.070836 0.010295 -0.996805 0.004856 -0.079723 0.047218 -0.079174 0.071448 0.994297 0.123625 
442530895858833 0.009053 0.997433 -0.071030 0.011597 -0.996731 0.003298 -0.080725 0.046401 -0.080284 0.071529 0.994202 0.123803 
442530912520375 0.007896 0.997528 -0.069822 0.012736 -0.996649 0.002165 -0.081769 0.046370 -0.081416 0.070234 0.994202 0.123734 
442530929182041 0.007262 0.997627 -0.068460 0.013858 -0.996629 0.001626 -0.082025 0.046394 -0.081719 0.068824 0.994276 0.123636 
442530945843750 0.007159 0.997690 -0.067557 0.014948 -0.996647 0.001612 -0.081810 0.046446 -0.081512 0.067916 0.994356 0.123578 
442530962505416 0.007370 0.997766 -0.066394 0.016032 -0.996633 0.001907 -0.081975 0.046507 -0.081665 0.066774 0.994420 0.123621 
442530979167291 0.007615 0.997837 -0.065293 0.017134 -0.996599 0.002215 -0.082372 0.046554 -0.082050 0.065699 0.994460 0.123760 
442530995828958 0.008141 0.997909 -0.064113 0.018478 -0.996546 0.002798 -0.082998 0.046358 -0.082646 0.064568 0.994485 0.124241 
442531012490625 0.008284 0.997978 -0.063023 0.019619 -0.996487 0.002986 -0.083697 0.046350 -0.083339 0.063494 0.994496 0.124507 
442531029152333 0.008573 0.998068 -0.061538 0.020758 -0.996416 0.003347 -0.084522 0.046311 -0.084153 0.062042 0.994519 0.124758 
442531045813958 0.008847 0.998179 -0.059668 0.021914 -0.996386 0.003759 -0.084854 0.046227 -0.084475 0.060204 0.994605 0.124929 
442531062475625 0.009205 0.998312 -0.057350 0.023081 -0.996417 0.004335 -0.084467 0.046106 -0.084075 0.057922 0.994774 0.125007 
442531079137291 0.009658 0.998434 -0.055103 0.024253 -0.996481 0.005021 -0.083665 0.045951 -0.083257 0.055717 0.994969 0.125043 
442531095799125 0.010930 0.998527 -0.053139 0.025140 -0.996574 0.006521 -0.082445 0.045376 -0.081977 0.053858 0.995178 0.128252 
442531112460833 0.011913 0.998593 -0.051666 0.026233 -0.996681 0.007697 -0.081042 0.045160 -0.080531 0.052460 0.995371 0.128370 
442531129122541 0.013115 0.998662 -0.050013 0.027288 -0.996789 0.009106 -0.079554 0.044936 -0.078993 0.050896 0.995575 0.128477 
442531145784125 0.014277 0.998753 -0.047833 0.028300 -0.996889 0.010509 -0.078113 0.044695 -0.077513 0.048799 0.995796 0.128576 
442531162445833 0.015348 0.998865 -0.045098 0.029255 -0.996988 0.011859 -0.076637 0.044425 -0.076015 0.046138 0.996039 0.128668 
442531179107666 0.015882 0.998975 -0.042392 0.030169 -0.997102 0.012670 -0.075010 0.044106 -0.074396 0.043460 0.996281 0.128786 
442531195768958 0.015314 0.999088 -0.039858 0.031820 -0.997227 0.012358 -0.073386 0.043559 -0.072826 0.040872 0.996507 0.128598 
442531212431000 0.013871 0.999196 -0.037617 0.032665 -0.997240 0.011080 -0.073409 0.043095 -0.072933 0.038532 0.996592 0.129084 
442531229092750 0.012341 0.999321 -0.034700 0.033353 -0.997078 0.009682 -0.075767 0.042605 -0.075379 0.035534 0.996521 0.129841 
442531245754208 0.010815 0.999479 -0.030399 0.033875 -0.996808 0.008371 -0.079400 0.042137 -0.079104 0.031161 0.996379 0.130707 
442531262415833 0.009440 0.999620 -0.025910 0.034234 -0.996554 0.007269 -0.082632 0.041708 -0.082412 0.026601 0.996243 0.131503 
442531279077833 0.008556 0.999712 -0.022406 0.034413 -0.996376 0.006627 -0.084797 0.041314 -0.084625 0.023050 0.996146 0.132157 
442531295739541 0.008247 0.999785 -0.019031 0.034946 -0.996290 0.006585 -0.085808 0.040918 -0.085664 0.019668 0.996130 0.134161 
442531312401125 0.008818 0.999847 -0.015126 0.034792 -0.996244 0.007481 -0.086262 0.040618 -0.086136 0.015830 0.996158 0.134453 
442531329062916 0.009953 0.999887 -0.011258 0.034489 -0.996280 0.008952 -0.085710 0.040411 -0.085599 0.012069 0.996257 0.134501 
442531345724416 0.012328 0.999891 -0.008063 0.033978 -0.996392 0.011607 -0.084077 0.040306 -0.083974 0.009071 0.996427 0.134345 
442531362386375 0.015767 0.999862 -0.005133 0.033280 -0.996537 0.015295 -0.081736 0.040285 -0.081647 0.006403 0.996641 0.134029 
442531379048083 0.019641 0.999804 -0.002333 0.032452 -0.996667 0.019394 -0.079238 0.040278 -0.079177 0.003882 0.996853 0.133618 
442531395709625 0.023784 0.999717 -0.000509 0.032893 -0.996728 0.023673 -0.077288 0.039811 -0.077254 0.002346 0.997009 0.130813 
442531412371208 0.027636 0.999618 -0.000068 0.031969 -0.996728 0.027551 -0.075988 0.039624 -0.075957 0.002168 0.997109 0.130458 
442531429032916 0.031149 0.999515 0.000688 0.031077 -0.996671 0.031112 -0.075352 0.039304 -0.075336 0.001661 0.997157 0.130093 
442531445694750 0.034460 0.999404 0.002197 0.030240 -0.996555 0.034528 -0.075410 0.038838 -0.075441 0.000409 0.997150 0.129637 
442531462356458 0.036914 0.999309 0.004413 0.029546 -0.996493 0.037141 -0.074980 0.038216 -0.075092 -0.001630 0.997175 0.128942 
442531479018041 0.038483 0.999232 0.007314 0.028993 -0.996486 0.038920 -0.074169 0.037402 -0.074396 -0.004435 0.997219 0.128013 
442531495679708 0.039347 0.999166 0.010922 0.029104 -0.996480 0.040046 -0.073640 0.036322 -0.074016 -0.007986 0.997225 0.130493 
442531512341333 0.039425 0.999107 0.015178 0.028762 -0.996524 0.040430 -0.072835 0.034971 -0.073384 -0.012253 0.997228 0.129273 
442531529003083 0.038250 0.999085 0.019149 0.028544 -0.996634 0.039533 -0.071814 0.033251 -0.072506 -0.016338 0.997234 0.127899 
442531545664708 0.036244 0.999104 0.021856 0.028415 -0.996758 0.037714 -0.071077 0.031133 -0.071838 -0.019209 0.997231 0.126464 
442531562324458 0.034512 0.999117 0.023977 0.028276 -0.996833 0.036134 -0.070844 0.028642 -0.071648 -0.021456 0.997199 0.124968 
442531578988083 0.033538 0.999107 0.025714 0.028090 -0.996946 0.035259 -0.069679 0.025794 -0.070523 -0.023299 0.997238 0.123247 
442531595649958 0.033189 0.999106 0.026182 0.027227 -0.997190 0.034863 -0.066309 0.023228 -0.067163 -0.023907 0.997456 0.122030 
442531612311666 0.032731 0.999109 0.026636 0.027047 -0.997528 0.034314 -0.061325 0.019638 -0.062184 -0.024563 0.997762 0.119680 
442531628973375 0.031297 0.999138 0.027276 0.027004 -0.997852 0.032805 -0.056696 0.015600 -0.057542 -0.025443 0.998019 0.117233 
442531645634916 0.028378 0.999194 0.028382 0.027153 -0.998167 0.029845 -0.052643 0.011094 -0.053447 -0.026836 0.998210 0.114744 
442531662296666 0.024347 0.999236 0.030562 0.027442 -0.998432 0.025846 -0.049661 0.006145 -0.050413 -0.029305 0.998298 0.112295 
442531678958583 0.020621 0.999209 0.034006 0.027660 -0.998569 0.022262 -0.048622 0.000769 -0.049341 -0.032954 0.998238 0.110043 
442531695620166 0.018086 0.999169 0.036539 0.027597 -0.998620 0.019854 -0.048627 -0.004881 -0.049312 -0.035609 0.998148 0.107028 
442531712281791 0.017737 0.999173 0.036591 0.027237 -0.998638 0.019499 -0.048397 -0.011123 -0.049071 -0.035682 0.998158 0.105268 
442531728943583 0.019676 0.999229 0.033973 0.026565 -0.998653 0.021273 -0.047319 -0.017782 -0.048006 -0.032996 0.998302 0.103665 
442531745605250 0.022772 0.999294 0.029890 0.025747 -0.998657 0.024129 -0.045844 -0.024854 -0.046532 -0.028806 0.998501 0.102150 
442531762266750 0.025496 0.999349 0.025510 0.024995 -0.998658 0.026612 -0.044418 -0.032364 -0.045068 -0.024343 0.998687 0.100658 
442531778928583 0.026851 0.999399 0.021941 0.024448 -0.998695 0.027773 -0.042868 -0.040319 -0.043451 -0.020761 0.998840 0.099063 
442531795590375 0.026740 0.999467 0.018751 0.024118 -0.998774 0.027494 -0.041176 -0.049059 -0.041669 -0.017627 0.998976 0.095958 
442531812252166 0.025654 0.999543 0.015997 0.024003 -0.998891 0.026263 -0.039083 -0.057747 -0.039485 -0.014976 0.999108 0.093956 
442531828913666 0.024495 0.999593 0.014602 0.023957 -0.999011 0.025017 -0.036748 -0.066687 -0.037098 -0.013687 0.999218 0.091728 
442531845575375 0.023474 0.999614 0.014823 0.023922 -0.999147 0.023962 -0.033638 -0.075848 -0.033980 -0.014021 0.999324 0.089251 
442531862237041 0.022917 0.999625 0.014958 0.023861 -0.999316 0.023339 -0.028690 -0.085223 -0.029028 -0.014290 0.999476 0.086522 
442531878898625 0.023395 0.999636 0.013432 0.023713 -0.999478 0.023686 -0.021965 -0.094800 -0.022275 -0.012911 0.999668 0.083647 
442531895560416 0.024534 0.999649 0.010045 0.023710 -0.999589 0.024679 -0.014560 -0.103725 -0.014803 -0.009684 0.999843 0.081335 
442531912222166 0.025208 0.999659 0.006841 0.023561 -0.999643 0.025267 -0.008664 -0.113698 -0.008834 -0.006620 0.999939 0.078643 
442531928883916 0.024728 0.999679 0.005460 0.023483 -0.999680 0.024756 -0.005233 -0.123898 -0.005367 -0.005329 0.999971 0.076147 
442531945545583 0.023307 0.999710 0.006124 0.023437 -0.999722 0.023328 -0.003276 -0.134326 -0.003418 -0.006046 0.999976 0.073738 
442531962207041 0.021734 0.999738 0.007204 0.023322 -0.999763 0.021744 -0.001246 -0.144953 -0.001403 -0.007176 0.999973 0.071338 
442531978869125 0.021035 0.999754 0.006965 0.022999 -0.999779 0.021030 0.000705 -0.155729 0.000558 -0.006978 0.999975 0.069052 
442531995530625 0.021502 0.999755 0.005197 0.023452 -0.999766 0.021491 0.002245 -0.166511 0.002133 -0.005244 0.999984 0.066618 
442532012192208 0.023327 0.999725 0.002173 0.022634 -0.999717 0.023316 0.004788 -0.177440 0.004736 -0.002284 0.999986 0.064547 
442532028854083 0.025745 0.999668 -0.001092 0.021670 -0.999628 0.025753 0.009014 -0.188432 0.009039 0.000859 0.999959 0.062359 
442532045515750 0.028524 0.999587 -0.003571 0.020613 -0.999493 0.028571 0.014021 -0.199464 0.014117 0.003169 0.999895 0.060078 
442532062177500 0.031590 0.999489 -0.004908 0.019478 -0.999328 0.031675 0.018456 -0.210524 0.018602 0.004321 0.999818 0.057820 
442532078839250 0.034353 0.999390 -0.006338 0.018332 -0.999146 0.034489 0.022750 -0.221599 0.022954 0.005551 0.999721 0.055597 
442532095500875 0.036690 0.999296 -0.007821 0.016542 -0.998939 0.036893 0.027572 -0.232295 0.027841 0.006801 0.999589 0.054953 
442532112162541 0.038597 0.999219 -0.008424 0.015453 -0.998696 0.038856 0.033115 -0.243280 0.033417 0.007135 0.999416 0.052656 
442532128824125 0.039848 0.999176 -0.007698 0.014431 -0.998453 0.040115 0.038492 -0.254179 0.038769 0.006152 0.999229 0.050405 
442532145485916 0.040518 0.999157 -0.006531 0.013435 -0.998274 0.040759 0.042285 -0.264963 0.042516 0.004806 0.999084 0.048419 
442532162147625 0.040930 0.999144 -0.005997 0.012412 -0.998169 0.041156 0.044315 -0.275601 0.044524 0.004172 0.999000 0.046787 
442532178809500 0.041538 0.999114 -0.006748 0.011342 -0.998110 0.041801 0.045050 -0.286067 0.045292 0.004864 0.998962 0.045459 
442532195471125 0.042243 0.999073 -0.008264 0.010424 -0.998089 0.042572 0.044784 -0.296471 0.045094 0.006357 0.998962 0.043704 
442532212132708 0.042855 0.999038 -0.009330 0.009369 -0.998135 0.043219 0.043112 -0.306612 0.043473 0.007465 0.999027 0.042779 
442532228794375 0.043146 0.999025 -0.009357 0.008340 -0.998234 0.043491 0.040461 -0.316632 0.040829 0.007595 0.999137 0.041978 
442532245456125 0.043278 0.999024 -0.008846 0.007334 -0.998316 0.043586 0.038275 -0.326554 0.038623 0.007175 0.999228 0.041153 
442532262117750 0.042804 0.999040 -0.009280 0.006408 -0.998364 0.043123 0.037549 -0.336426 0.037913 0.007657 0.999252 0.040256 
442532278779666 0.041729 0.999073 -0.010607 0.005575 -0.998416 0.042098 0.037327 -0.346295 0.037739 0.009033 0.999247 0.039393 
442532295441333 0.041105 0.999079 -0.012276 0.004931 -0.998506 0.041517 0.035522 -0.357506 0.035999 0.010797 0.999293 0.038527 
442532312102916 0.040715 0.999072 -0.014028 0.004113 -0.998590 0.041166 0.033508 -0.367446 0.034054 0.012644 0.999340 0.038008 
442532328764583 0.040379 0.999062 -0.015667 0.003349 -0.998648 0.040866 0.032119 -0.377450 0.032729 0.014349 0.999361 0.037523 
442532345426291 0.040093 0.999058 -0.016619 0.002641 -0.998685 0.040598 0.031293 -0.387555 0.031938 0.015342 0.999372 0.037044 
442532362087875 0.040414 0.999043 -0.016748 0.001945 -0.998693 0.040913 0.030638 -0.397767 0.031293 0.015487 0.999390 0.036597 
442532378749625 0.041223 0.998996 -0.017555 0.001275 -0.998669 0.041742 0.030281 -0.408111 0.030983 0.016283 0.999387 0.036239 
442532395411416 0.042632 0.998900 -0.019531 0.000811 -0.998625 0.043201 0.029691 -0.418949 0.030502 0.018238 0.999368 0.035822 
442532412073125 0.043308 0.998833 -0.021394 0.000348 -0.998613 0.043920 0.029023 -0.429617 0.029929 0.020107 0.999350 0.035763 
442532428734833 0.042800 0.998833 -0.022365 0.000114 -0.998676 0.043411 0.027583 -0.440488 0.028522 0.021155 0.999369 0.035842 
442532445396375 0.041242 0.998905 -0.022101 0.000091 -0.998820 0.041787 0.024764 -0.451555 0.025660 0.021054 0.999449 0.036115 
442532462058166 0.039293 0.998996 -0.021514 0.000192 -0.998998 0.039737 0.020591 -0.462786 0.021425 0.020683 0.999556 0.036601 
442532478719875 0.037679 0.999057 -0.021582 0.000362 -0.999128 0.038053 0.017183 -0.474155 0.017988 0.020916 0.999619 0.037133 
442532495381375 0.036917 0.999056 -0.022891 0.000306 -0.999183 0.037280 0.015632 -0.486769 0.016471 0.022296 0.999616 0.037503 
442532512043333 0.035745 0.999050 -0.024915 0.000691 -0.999237 0.036122 0.014858 -0.498397 0.015743 0.024365 0.999579 0.038032 
442532528704916 0.034202 0.999043 -0.027280 0.001253 -0.999316 0.034569 0.013106 -0.510121 0.014036 0.026813 0.999542 0.038790 
442532545366541 0.032607 0.999043 -0.029138 0.001948 -0.999406 0.032916 0.010187 -0.521903 0.011137 0.028788 0.999523 0.039762 
442532562028375 0.031129 0.999043 -0.030732 0.002758 -0.999483 0.031361 0.007100 -0.533735 0.008057 0.030495 0.999503 0.040820 
442532578690125 0.029420 0.999045 -0.032310 0.003739 -0.999550 0.029591 0.004825 -0.545647 0.005776 0.032154 0.999466 0.041846 
442532595351708 0.027645 0.999037 -0.034071 0.004863 -0.999610 0.027764 0.003038 -0.558808 0.003981 0.033974 0.999415 0.041395 
442532612013416 0.025383 0.999036 -0.035812 0.006171 -0.999676 0.025424 0.000675 -0.570950 0.001585 0.035784 0.999358 0.042407 
442532628675250 0.022556 0.999044 -0.037434 0.007619 -0.999744 0.022483 -0.002378 -0.583201 -0.001534 0.037478 0.999296 0.043486 
442532645336875 0.019629 0.999036 -0.039258 0.009144 -0.999798 0.019446 -0.005019 -0.595566 -0.004250 0.039349 0.999216 0.044532 
442532661998583 0.017316 0.999000 -0.041220 0.010649 -0.999830 0.017041 -0.006999 -0.608032 -0.006290 0.041334 0.999126 0.045528 
442532678660333 0.015516 0.998930 -0.043557 0.012091 -0.999846 0.015147 -0.008801 -0.620569 -0.008131 0.043687 0.999012 0.046553 
442532695321833 0.014371 0.998844 -0.045862 0.013611 -0.999847 0.013899 -0.010582 -0.634183 -0.009933 0.046007 0.998892 0.046767 
442532711983625 0.013636 0.998788 -0.047298 0.014883 -0.999845 0.013094 -0.011740 -0.646741 -0.011107 0.047451 0.998812 0.047793 
442532728645208 0.013568 0.998715 -0.048827 0.016090 -0.999861 0.013081 -0.010292 -0.659243 -0.009640 0.048960 0.998754 0.048654 
442532745307083 0.013596 0.998598 -0.051161 0.017304 -0.999895 0.013320 -0.005727 -0.671706 -0.005037 0.051233 0.998674 0.049359 
442532761968625 0.013320 0.998445 -0.054125 0.018569 -0.999911 0.013299 -0.000758 -0.684130 -0.000037 0.054130 0.998534 0.050190 
442532778630500 0.012213 0.998249 -0.057876 0.019918 -0.999922 0.012340 0.001842 -0.696494 0.002553 0.057849 0.998322 0.051403 
442532795292041 0.009849 0.998077 -0.061192 0.021473 -0.999950 0.009939 0.001166 -0.709340 0.001772 0.061178 0.998125 0.051985 
442532811953708 0.006536 0.997983 -0.063142 0.023031 -0.999978 0.006460 -0.001406 -0.721362 -0.000995 0.063149 0.998004 0.053647 
442532828615416 0.003582 0.997960 -0.063747 0.024538 -0.999988 0.003371 -0.003414 -0.733018 -0.003193 0.063758 0.997960 0.055144 
442532845277083 0.001203 0.998060 -0.062242 0.025930 -0.999995 0.001012 -0.003114 -0.744212 -0.003045 0.062245 0.998056 0.056287 
442532861938958 -0.000245 0.998246 -0.059197 0.027102 -0.999999 -0.000309 -0.001083 -0.754931 -0.001099 0.059196 0.998246 0.057169 
442532878600583 -0.000095 0.998427 -0.056067 0.027934 -0.999998 0.000016 0.001980 -0.765206 0.001978 0.056067 0.998425 0.057961 
442532895262291 0.002376 0.998480 -0.055070 0.028544 -0.999981 0.002686 0.005563 -0.774582 0.005702 0.055056 0.998467 0.058200 
442532911923875 0.007809 0.998388 -0.056215 0.028506 -0.999915 0.008381 0.009943 -0.784091 0.010398 0.056132 0.998369 0.059105 
442532928585708 0.015607 0.998143 -0.058876 0.028173 -0.999749 0.016524 0.015114 -0.793294 0.016059 0.058626 0.998151 0.059948 
442532945247250 0.024172 0.997787 -0.061938 0.027791 -0.999455 0.025512 0.020942 -0.802245 0.022476 0.061398 0.997860 0.060641 
442532961908958 0.031619 0.997475 -0.063588 0.027623 -0.999056 0.033436 0.027720 -0.811006 0.029776 0.062652 0.997591 0.061083 
442532978570500 0.035448 0.997341 -0.063671 0.027928 -0.998688 0.037709 0.034656 -0.819690 0.036965 0.062359 0.997369 0.061369 
442532995232500 0.035570 0.997411 -0.062504 0.028547 -0.998501 0.038073 0.039311 -0.827057 0.041589 0.061012 0.997270 0.063478 
442533011894083 0.033313 0.997626 -0.060267 0.029554 -0.998480 0.035869 0.041841 -0.835531 0.043903 0.058782 0.997305 0.064116 
442533028555875 0.029707 0.997925 -0.057126 0.030698 -0.998499 0.032258 0.044262 -0.843831 0.046013 0.055725 0.997385 0.064717 
442533045217458 0.025662 0.998209 -0.054041 0.031886 -0.998393 0.028324 0.049085 -0.851927 0.050528 0.052695 0.997332 0.065059 
442533061879166 0.022247 0.998443 -0.051160 0.032972 -0.998125 0.025101 0.055831 -0.859778 0.057028 0.049822 0.997129 0.065191 
442533078540875 0.019831 0.998601 -0.049008 0.033854 -0.997760 0.022899 0.062858 -0.867366 0.063893 0.047652 0.996818 0.065317 
442533095202708 0.018397 0.998661 -0.048357 0.035044 -0.997380 0.021715 0.069009 -0.873383 0.069967 0.046960 0.996443 0.064726 
442533111864291 0.017643 0.998645 -0.048947 0.035542 -0.997083 0.021208 0.073314 -0.880390 0.074253 0.047511 0.996107 0.065279 
442533128525958 0.017321 0.998616 -0.049659 0.035908 -0.996937 0.021038 0.075329 -0.887142 0.076270 0.048202 0.995921 0.066080 
442533145187666 0.017194 0.998581 -0.050408 0.036152 -0.996873 0.021010 0.076177 -0.893703 0.077128 0.048940 0.995819 0.066969 
442533161849416 0.017390 0.998540 -0.051142 0.036247 -0.996812 0.021298 0.076885 -0.900135 0.077862 0.049642 0.995727 0.067789 
442533178511083 0.018438 0.998501 -0.051528 0.036171 -0.996768 0.022387 0.077154 -0.906462 0.078192 0.049939 0.995687 0.068500 
442533195172708 0.020717 0.998425 -0.052129 0.036234 -0.996709 0.024712 0.077205 -0.912421 0.078372 0.050358 0.995651 0.069690 
442533211834541 0.023855 0.998260 -0.053929 0.035896 -0.996509 0.028061 0.078631 -0.918669 0.080008 0.051865 0.995444 0.070128 
442533228496166 0.027004 0.998061 -0.056084 0.035551 -0.996176 0.031532 0.081481 -0.924966 0.083091 0.053669 0.995096 0.070406 
442533245157833 0.029365 0.997899 -0.057744 0.035273 -0.995830 0.034198 0.084579 -0.931385 0.086376 0.055020 0.994742 0.070649 
442533261819666 0.030522 0.997787 -0.059071 0.035099 -0.995609 0.035582 0.086581 -0.937981 0.088491 0.056169 0.994492 0.071007 
442533278481083 0.030431 0.997742 -0.059875 0.035037 -0.995570 0.035587 0.087028 -0.944756 0.088962 0.056961 0.994405 0.071501 
442533295142875 0.029563 0.997789 -0.059528 0.034778 -0.995634 0.034670 0.086664 -0.950389 0.088536 0.056706 0.994457 0.071538 
442533311804583 0.028963 0.997886 -0.058171 0.034655 -0.995606 0.033983 0.087257 -0.957453 0.089050 0.055388 0.994486 0.071859 
442533328466458 0.028766 0.998019 -0.055956 0.034434 -0.995358 0.033743 0.090136 -0.964593 0.091845 0.053104 0.994356 0.071890 
442533345127958 0.028598 0.998114 -0.054323 0.034137 -0.994916 0.033672 0.094914 -0.971732 0.096564 0.051332 0.994002 0.071735 
442533361789750 0.028329 0.998166 -0.053497 0.033764 -0.994444 0.033570 0.099766 -0.978817 0.101379 0.050374 0.993572 0.071615 
442533378451541 0.027222 0.998189 -0.053652 0.033376 -0.994070 0.032684 0.103710 -0.985877 0.105276 0.050511 0.993159 0.071719 
442533395113083 0.024823 0.998260 -0.053484 0.032975 -0.993960 0.030366 0.105454 -0.991737 0.106895 0.050543 0.992985 0.072890 
442533411774791 0.021945 0.998422 -0.051697 0.032567 -0.993976 0.027342 0.106130 -0.998769 0.107376 0.049056 0.993007 0.073486 
442533428436416 0.019129 0.998648 -0.048328 0.032109 -0.993984 0.024209 0.106819 -1.005811 0.107845 0.045994 0.993103 0.074057 
442533445098291 0.016534 0.998857 -0.044847 0.031625 -0.993889 0.021315 0.108308 -1.012880 0.109141 0.042782 0.993105 0.074563 
442533461759958 0.014057 0.998982 -0.042853 0.031151 -0.993699 0.018723 0.110507 -1.019999 0.111197 0.041029 0.992951 0.075082 
442533478421750 0.011689 0.999041 -0.042182 0.030710 -0.993559 0.016359 0.112132 -1.027151 0.112714 0.040600 0.992798 0.075736 
442533495083333 0.009453 0.999067 -0.042144 0.030120 -0.993541 0.014149 0.112584 -1.034515 0.113075 0.040808 0.992748 0.077929 
442533511744750 0.007177 0.999110 -0.041575 0.029899 -0.993446 0.011867 0.113688 -1.041579 0.114080 0.040487 0.992646 0.078572 
442533528406625 0.004878 0.999160 -0.040696 0.029859 -0.993026 0.009634 0.117502 -1.048607 0.117795 0.039839 0.992238 0.078876 
442533545068208 0.002803 0.999191 -0.040107 0.029930 -0.992349 0.007730 0.123225 -1.055617 0.123436 0.039455 0.991568 0.078969 
442533561730083 0.001412 0.999207 -0.039795 0.030010 -0.991764 0.006495 0.127912 -1.062595 0.128069 0.039287 0.990987 0.079170 
442533578391875 0.000849 0.999189 -0.040246 0.030055 -0.991404 0.006106 0.130692 -1.069483 0.130832 0.039789 0.990606 0.079573 
442533595053583 0.001484 0.999148 -0.041254 0.030181 -0.990926 0.007013 0.134223 -1.076069 0.134398 0.040680 0.990092 0.081140 
442533611715125 0.003765 0.999121 -0.041758 0.030187 -0.989972 0.009621 0.140936 -1.082637 0.141214 0.040808 0.989138 0.081047 
442533628376875 0.006609 0.999113 -0.041575 0.030270 -0.988635 0.012773 0.149794 -1.089023 0.150192 0.040113 0.987843 0.080607 
442533645038500 0.008379 0.999091 -0.041801 0.030567 -0.987171 0.014930 0.158967 -1.095222 0.159447 0.039933 0.986399 0.080085 
442533661700208 0.009171 0.999058 -0.042413 0.031077 -0.985917 0.016117 0.166456 -1.101131 0.166983 0.040290 0.985136 0.079722 
442533678361875 0.010122 0.999031 -0.042836 0.031680 -0.985004 0.017340 0.171658 -1.106594 0.172235 0.040456 0.984225 0.079564 
442533695023625 0.011644 0.999022 -0.042651 0.032548 -0.984217 0.018983 0.175944 -1.110646 0.176581 0.039929 0.983476 0.078663 
442533711685291 0.013840 0.999020 -0.042045 0.033177 -0.983471 0.021192 0.179820 -1.115022 0.180535 0.038862 0.982800 0.078463 
442533728346875 0.016049 0.999007 -0.041560 0.033883 -0.982659 0.023439 0.183937 -1.118848 0.184728 0.037887 0.982059 0.078206 
442533745008625 0.017627 0.998963 -0.041984 0.034755 -0.981858 0.025224 0.187933 -1.122135 0.188797 0.037909 0.981284 0.077986 
442533761670333 0.018387 0.998954 -0.041870 0.035840 -0.981326 0.026050 0.190578 -1.124875 0.191469 0.037584 0.980779 0.077899 
442533778332041 0.018490 0.998976 -0.041287 0.037111 -0.981273 0.026050 0.190853 -1.127067 0.191733 0.036985 0.980750 0.078038 
442533794993833 0.018533 0.999020 -0.040194 0.038795 -0.981523 0.025837 0.189590 -1.126700 0.190443 0.035938 0.981040 0.074559 
442533811655291 0.018871 0.999028 -0.039838 0.040239 -0.981987 0.026012 0.187151 -1.127865 0.188006 0.035589 0.981523 0.074796 
442533828317208 0.020003 0.999031 -0.039191 0.041708 -0.982535 0.026896 0.184122 -1.128594 0.184998 0.034824 0.982122 0.075047 
442533844978875 0.021410 0.999057 -0.037775 0.043263 -0.983105 0.027908 0.180904 -1.128947 0.181788 0.033264 0.982775 0.075261 
442533861640583 0.021952 0.999068 -0.037160 0.045006 -0.983545 0.028248 0.178443 -1.129033 0.179327 0.032631 0.983248 0.075439 
442533878302291 0.021455 0.999074 -0.037282 0.046956 -0.984015 0.027696 0.175917 -1.128912 0.176787 0.032912 0.983699 0.075670 
442533894963916 0.020431 0.999091 -0.037422 0.048875 -0.984690 0.026589 0.172276 -1.127584 0.173115 0.033329 0.984338 0.073588 
442533911625458 0.019338 0.999132 -0.036899 0.051117 -0.985597 0.025252 0.167216 -1.127050 0.168003 0.033134 0.985229 0.073976 
442533928287083 0.018685 0.999179 -0.035958 0.053495 -0.986442 0.024288 0.162304 -1.126317 0.163044 0.032438 0.986085 0.074325 
442533944949083 0.018538 0.999218 -0.034916 0.056018 -0.987127 0.023840 0.158151 -1.125423 0.158860 0.031535 0.986797 0.074570 
442533961610791 0.018688 0.999252 -0.033852 0.058710 -0.987702 0.023708 0.154541 -1.124409 0.155228 0.030548 0.987406 0.074709 
442533978272416 0.019034 0.999280 -0.032829 0.061617 -0.988189 0.023796 0.151382 -1.123315 0.152055 0.029560 0.987930 0.074768 
442533994934041 0.019408 0.999305 -0.031815 0.064092 -0.988752 0.023904 0.147643 -1.122461 0.148300 0.028592 0.988529 0.075014 
442534011595750 0.019960 0.999330 -0.030688 0.067494 -0.989397 0.024159 0.143212 -1.121218 0.143858 0.027504 0.989216 0.075260 
442534028257458 0.020616 0.999334 -0.030106 0.071191 -0.990063 0.024596 0.138459 -1.119897 0.139107 0.026953 0.989910 0.075629 
442534044919208 0.021801 0.999298 -0.030462 0.075161 -0.990687 0.025689 0.133711 -1.118517 0.134400 0.027264 0.990552 0.076107 
442534061581041 0.024007 0.999280 -0.029391 0.079385 -0.991409 0.027578 0.127855 -1.117086 0.128574 0.026069 0.991357 0.076663 
442534078242666 0.026410 0.999304 -0.026331 0.083952 -0.992194 0.029415 0.121181 -1.115664 0.121871 0.022925 0.992281 0.077188 
442534094904125 0.027386 0.999346 -0.023614 0.088150 -0.992852 0.029938 0.115534 -1.113782 0.116165 0.020281 0.993023 0.078716 
442534111566000 0.027257 0.999353 -0.023453 0.093610 -0.993202 0.029731 0.112542 -1.112708 0.113166 0.020226 0.993370 0.078953 
442534128227625 0.026673 0.999320 -0.025458 0.099494 -0.993372 0.029346 0.111129 -1.111819 0.111801 0.022325 0.993480 0.079144 
442534144889166 0.025032 0.999322 -0.026981 0.105890 -0.993634 0.027837 0.109162 -1.111095 0.109839 0.024077 0.993658 0.079415 
442534161551166 0.021716 0.999394 -0.027193 0.112886 -0.994095 0.024477 0.105713 -1.110525 0.106315 0.024737 0.994025 0.079806 
442534178212791 0.017098 0.999508 -0.026310 0.120474 -0.994606 0.019695 0.101841 -1.110106 0.102309 0.024427 0.994453 0.080225 
442534194874583 0.010870 0.999599 -0.026141 0.128184 -0.994972 0.013416 0.099250 -1.108807 0.099561 0.024931 0.994719 0.082161 
442534211536166 0.003639 0.999578 -0.028833 0.136791 -0.995215 0.006435 0.097492 -1.108674 0.097636 0.028340 0.994819 0.082671 
442534228197833 -0.002606 0.999406 -0.034373 0.145627 -0.995422 0.000692 0.095574 -1.108599 0.095541 0.034464 0.994829 0.083360 
442534244859375 -0.007060 0.999151 -0.040588 0.154648 -0.995548 -0.003208 0.094203 -1.108539 0.093993 0.041072 0.994725 0.084017 
442534261520875 -0.010150 0.998814 -0.047625 0.163925 -0.995411 -0.005561 0.095529 -1.108523 0.095151 0.048376 0.994287 0.084429 
442534278183083 -0.012626 0.998382 -0.055437 0.173501 -0.995059 -0.007085 0.099028 -1.108597 0.098475 0.056413 0.993539 0.084661 
